[0, 0, -40, 15, 0, 0, 0, 41.0, -148.0, -405.0, -41.0, -34.0, 405.0, 408.0, 0]
[0, 0, -30, 15, 0, 0, 0, 46.0, -155.0, -405.0, -46.0, -27.0, 405.0, 408.0, 0]
[0, 0, -25, 15, 0, 0, 0, 48.0, -159.0, -405.0, -48.0, -23.0, 405.0, 408.0, 0]
[0, 0, -20, 15, 0, 0, 0, 50.0, -164.0, -405.0, -50.0, -18.0, 405.0, 408.0, 0]
[0, 0, -15, 15, 0, 0, 0, 51.0, -168.0, -405.0, -51.0, -14.0, 405.0, 408.0, 0]
[0, 0, -5, 15, 0, 0, 0, 53.0, -177.0, -405.0, -53.0, -5.0, 405.0, 408.0, 0]
[0, 0, 0, 15, 0, 0, 0, 53.0, -182.0, -405.0, -53.0, 0.0, 405.0, 408.0, 0]
[0, 0, 5, 15, 0, 0, 0, 53.0, -187.0, -405.0, -53.0, 5.0, 405.0, 408.0, 0]
[0, 0, 20, 15, 0, 0, 0, 50.0, -200.0, -405.0, -50.0, 18.0, 405.0, 408.0, 0]
[0, 0, 25, 15, 0, 0, 0, 48.0, -205.0, -405.0, -48.0, 23.0, 405.0, 408.0, 0]
[0, 0, 30, 15, 0, 0, 0, 46.0, -209.0, -405.0, -46.0, 27.0, 405.0, 408.0, 0]
[0, 0, 40, 15, 0, 0, 0, 41.0, -216.0, -405.0, -41.0, 34.0, 405.0, 408.0, 0]
[0, -10, -20, 15, 0, 0, 0, 50.0, -234.0, -402.0, -50.0, 52.0, 402.0, 408.0, 0]
[0, -15, -25, 15, 0, 0, 0, 48.0, -265.0, -397.0, -48.0, 83.0, 397.0, 408.0, 0]
[0, -15, 5, 15, 0, 0, 0, 53.0, -291.0, -390.0, -53.0, 109.0, 390.0, 408.0, 0]
[0, -25, -5, 15, 0, 0, 0, 53.0, -349.0, -369.0, -53.0, 167.0, 369.0, 408.0, 0]
[0, -25, 0, 15, 0, 0, 0, 53.0, -353.0, -367.0, -53.0, 171.0, 367.0, 408.0, 0]
[0, -30, -35, 15, 0, 0, 0, 44.0, -358.0, -366.0, -44.0, 176.0, 366.0, 408.0, 0]
[0, -30, -25, 15, 0, 0, 0, 48.0, -365.0, -362.0, -48.0, 183.0, 362.0, 408.0, 0]
[55, -90, -35, 15, 0, 0, 0, 50.0, -587.0, 18.0, -50.0, 405.0, -18.0, 408.0, 0]
[55, -90, -30, 15, 0, 0, 0, 48.0, -587.0, 23.0, -48.0, 405.0, -23.0, 408.0, 0]
[55, -90, -25, 15, 0, 0, 0, 46.0, -587.0, 27.0, -46.0, 405.0, -27.0, 408.0, 0]
[55, -90, -15, 15, 0, 0, 0, 41.0, -587.0, 34.0, -41.0, 405.0, -34.0, 408.0, 0]
[55, -90, -5, 15, 0, 0, 0, 34.0, -587.0, 41.0, -34.0, 405.0, -41.0, 408.0, 0]
[55, -90, 5, 15, 0, 0, 0, 27.0, -587.0, 46.0, -27.0, 405.0, -46.0, 408.0, 0]
[55, -90, 10, 15, 0, 0, 0, 23.0, -587.0, 48.0, -23.0, 405.0, -48.0, 408.0, 0]
[55, -90, 15, 15, 0, 0, 0, 18.0, -587.0, 50.0, -18.0, 405.0, -50.0, 408.0, 0]
[55, -90, 30, 15, 0, 0, 0, 5.0, -587.0, 53.0, -5.0, 405.0, -53.0, 408.0, 0]
[55, -90, 35, 15, 0, 0, 0, -0.0, -587.0, 53.0, 0.0, 405.0, -53.0, 408.0, 0]
[55, -90, 40, 15, 0, 0, 0, -5.0, -587.0, 53.0, 5.0, 405.0, -53.0, 408.0, 0]
[60, 0, -10, 15, 0, 0, 0, 377.0, -173.0, -157.0, -377.0, -9.0, 157.0, 408.0, 0]
[60, 0, 10, 15, 0, 0, 0, 377.0, -191.0, -157.0, -377.0, 9.0, 157.0, 408.0, 0]
[60, -10, 0, 15, 0, 0, 0, 372.0, -252.0, -153.0, -372.0, 70.0, 153.0, 408.0, 0]
[60, -20, 10, 15, 0, 0, 0, 353.0, -329.0, -143.0, -353.0, 147.0, 143.0, 408.0, 0]
[60, -35, -15, 15, 0, 0, 0, 320.0, -403.0, -125.0, -320.0, 221.0, 125.0, 408.0, 0]
[60, -35, 30, 15, 0, 0, 0, 297.0, -436.0, -118.0, -297.0, 254.0, 118.0, 408.0, 0]
[60, -50, -30, 15, 0, 0, 0, 266.0, -475.0, -101.0, -266.0, 293.0, 101.0, 408.0, 0]
[60, -50, 15, 15, 0, 0, 0, 242.0, -501.0, -80.0, -242.0, 319.0, 80.0, 408.0, 0]
[120, -55, 30, 15, 0, 0, 0, 159.0, -529.0, 145.0, -159.0, 347.0, -145.0, 408.0, 0]
[120, -60, 30, 15, 0, 0, 0, 132.0, -546.0, 130.0, -132.0, 364.0, -130.0, 408.0, 0]
[120, -70, 35, 15, 0, 0, 0, 73.0, -573.0, 93.0, -73.0, 391.0, -93.0, 408.0, 0]
[120, -75, 25, 15, 0, 0, 0, 48.0, -579.0, 83.0, -48.0, 397.0, -83.0, 408.0, 0]
[120, -90, -35, 15, 0, 0, 0, 5.0, -587.0, 53.0, -5.0, 405.0, -53.0, 408.0, 0]
[120, -90, -30, 15, 0, 0, 0, -0.0, -587.0, 53.0, 0.0, 405.0, -53.0, 408.0, 0]
[120, -90, -25, 15, 0, 0, 0, -5.0, -587.0, 53.0, 5.0, 405.0, -53.0, 408.0, 0]
[120, -90, -10, 15, 0, 0, 0, -18.0, -587.0, 50.0, 18.0, 405.0, -50.0, 408.0, 0]
[120, -90, -5, 15, 0, 0, 0, -23.0, -587.0, 48.0, 23.0, 405.0, -48.0, 408.0, 0]
[120, -90, 0, 15, 0, 0, 0, -27.0, -587.0, 46.0, 27.0, 405.0, -46.0, 408.0, 0]
[120, -90, 10, 15, 0, 0, 0, -34.0, -587.0, 41.0, 34.0, 405.0, -41.0, 408.0, 0]
[120, -90, 20, 15, 0, 0, 0, -41.0, -587.0, 34.0, 41.0, 405.0, -34.0, 408.0, 0]
[120, -90, 30, 15, 0, 0, 0, -46.0, -587.0, 27.0, 46.0, 405.0, -27.0, 408.0, 0]
[120, -90, 35, 15, 0, 0, 0, -48.0, -587.0, 23.0, 48.0, 405.0, -23.0, 408.0, 0]
[120, -90, 40, 15, 0, 0, 0, -50.0, -587.0, 18.0, 50.0, 405.0, -18.0, 408.0, 0]
[120, -90, 45, 15, 0, 0, 0, -51.0, -587.0, 14.0, 51.0, 405.0, -14.0, 408.0, 0]
[125, -5, 0, 15, 0, 0, 0, 300.0, -217.0, 275.0, -300.0, 35.0, -275.0, 408.0, 0]
[125, -5, 30, 15, 0, 0, 0, 302.0, -244.0, 268.0, -302.0, 62.0, -268.0, 408.0, 0]
[125, -15, 5, 15, 0, 0, 0, 289.0, -291.0, 267.0, -289.0, 109.0, -267.0, 408.0, 0]
[0, -35, 5, 15, 0, 0, 0, 53.0, -418.0, -329.0, -53.0, 236.0, 329.0, 408.0, 5]
[0, -40, -15, 15, 0, 0, 0, 51.0, -432.0, -319.0, -51.0, 250.0, 319.0, 408.0, 5]
[0, -50, 15, 15, 0, 0, 0, 51.0, -501.0, -250.0, -51.0, 319.0, 250.0, 408.0, 5]
[0, -55, -5, 15, 0, 0, 0, 53.0, -511.0, -236.0, -53.0, 329.0, 236.0, 408.0, 5]
[0, -60, 25, 15, 0, 0, 0, 48.0, -544.0, -183.0, -48.0, 362.0, 183.0, 408.0, 5]
[0, -60, 35, 15, 0, 0, 0, 44.0, -548.0, -176.0, -44.0, 366.0, 176.0, 408.0, 5]
[0, -65, 0, 15, 0, 0, 0, 53.0, -549.0, -171.0, -53.0, 367.0, 171.0, 408.0, 5]
[0, -65, 5, 15, 0, 0, 0, 53.0, -551.0, -167.0, -53.0, 369.0, 167.0, 408.0, 5]
[0, -75, -5, 15, 0, 0, 0, 53.0, -572.0, -109.0, -53.0, 390.0, 109.0, 408.0, 5]
[0, -75, 25, 15, 0, 0, 0, 48.0, -579.0, -83.0, -48.0, 397.0, 83.0, 408.0, 5]
[0, -80, 20, 15, 0, 0, 0, 50.0, -584.0, -52.0, -50.0, 402.0, 52.0, 408.0, 5]
[0, -90, -40, 15, 0, 0, 0, 41.0, -587.0, -34.0, -41.0, 405.0, 34.0, 408.0, 5]
[0, -90, -30, 15, 0, 0, 0, 46.0, -587.0, -27.0, -46.0, 405.0, 27.0, 408.0, 5]
[0, -90, -25, 15, 0, 0, 0, 48.0, -587.0, -23.0, -48.0, 405.0, 23.0, 408.0, 5]
[0, -90, -20, 15, 0, 0, 0, 50.0, -587.0, -18.0, -50.0, 405.0, 18.0, 408.0, 5]
[0, -90, -15, 15, 0, 0, 0, 51.0, -587.0, -14.0, -51.0, 405.0, 14.0, 408.0, 5]
[0, -90, -5, 15, 0, 0, 0, 53.0, -587.0, -5.0, -53.0, 405.0, 5.0, 408.0, 5]
[0, -90, 0, 15, 0, 0, 0, 53.0, -587.0, 0.0, -53.0, 405.0, 0.0, 408.0, 5]
[0, -90, 5, 15, 0, 0, 0, 53.0, -587.0, 5.0, -53.0, 405.0, -5.0, 408.0, 5]
[60, -55, -5, 15, 0, 0, 0, 231.0, -511.0, -72.0, -231.0, 329.0, 72.0, 408.0, 5]
[60, -60, 35, 15, 0, 0, 0, 174.0, -548.0, -50.0, -174.0, 366.0, 50.0, 408.0, 5]
[60, -65, 5, 15, 0, 0, 0, 171.0, -551.0, -38.0, -171.0, 369.0, 38.0, 408.0, 5]
[60, -65, 10, 15, 0, 0, 0, 167.0, -553.0, -36.0, -167.0, 371.0, 36.0, 408.0, 5]
[60, -65, 35, 15, 0, 0, 0, 146.0, -562.0, -34.0, -146.0, 380.0, 34.0, 408.0, 5]
[60, -70, -5, 15, 0, 0, 0, 150.0, -561.0, -26.0, -150.0, 379.0, 26.0, 408.0, 5]
[60, -70, 35, 15, 0, 0, 0, 117.0, -573.0, -17.0, -117.0, 391.0, 17.0, 408.0, 5]
[60, -75, -5, 15, 0, 0, 0, 121.0, -572.0, -9.0, -121.0, 390.0, 9.0, 408.0, 5]
[60, -75, 25, 15, 0, 0, 0, 96.0, -579.0, 0.0, -96.0, 397.0, 0.0, 408.0, 5]
[60, -80, -25, 15, 0, 0, 0, 104.0, -577.0, -4.0, -104.0, 395.0, 4.0, 408.0, 5]
[60, -80, 20, 15, 0, 0, 0, 70.0, -584.0, 17.0, -70.0, 402.0, -17.0, 408.0, 5]
[60, -90, -45, 15, 0, 0, 0, 51.0, -587.0, 14.0, -51.0, 405.0, -14.0, 408.0, 5]
[60, -90, -40, 15, 0, 0, 0, 50.0, -587.0, 18.0, -50.0, 405.0, -18.0, 408.0, 5]
[60, -90, -35, 15, 0, 0, 0, 48.0, -587.0, 23.0, -48.0, 405.0, -23.0, 408.0, 5]
[60, -90, -30, 15, 0, 0, 0, 46.0, -587.0, 27.0, -46.0, 405.0, -27.0, 408.0, 5]
[60, -90, -20, 15, 0, 0, 0, 41.0, -587.0, 34.0, -41.0, 405.0, -34.0, 408.0, 5]
[60, -90, -10, 15, 0, 0, 0, 34.0, -587.0, 41.0, -34.0, 405.0, -41.0, 408.0, 5]
[60, -90, 0, 15, 0, 0, 0, 27.0, -587.0, 46.0, -27.0, 405.0, -46.0, 408.0, 5]
[60, -90, 5, 15, 0, 0, 0, 23.0, -587.0, 48.0, -23.0, 405.0, -48.0, 408.0, 5]
[125, -20, -15, 15, 0, 0, 0, 286.0, -308.0, 263.0, -286.0, 126.0, -263.0, 408.0, 5]
[125, -25, 0, 15, 0, 0, 0, 270.0, -353.0, 254.0, -270.0, 171.0, -254.0, 408.0, 5]
[125, -30, -25, 15, 0, 0, 0, 269.0, -365.0, 247.0, -269.0, 183.0, -247.0, 408.0, 5]
[125, -35, 5, 15, 0, 0, 0, 239.0, -418.0, 232.0, -239.0, 236.0, -232.0, 408.0, 5]
[125, -40, -35, 15, 0, 0, 0, 245.0, -419.0, 225.0, -245.0, 237.0, -225.0, 408.0, 5]
[125, -40, -5, 15, 0, 0, 0, 226.0, -439.0, 223.0, -226.0, 257.0, -223.0, 408.0, 5]
[125, -45, 15, 15, 0, 0, 0, 197.0, -478.0, 201.0, -197.0, 296.0, -201.0, 408.0, 5]
[125, -45, 45, 15, 0, 0, 0, 191.0, -495.0, 180.0, -191.0, 313.0, -180.0, 408.0, 5]
[125, -55, -5, 15, 0, 0, 0, 163.0, -511.0, 179.0, -163.0, 329.0, -179.0, 408.0, 5]
[125, -55, 10, 15, 0, 0, 0, 154.0, -519.0, 172.0, -154.0, 337.0, -172.0, 408.0, 5]
[125, -60, 5, 15, 0, 0, 0, 132.0, -535.0, 157.0, -132.0, 353.0, -157.0, 408.0, 5]
[125, -65, 5, 15, 0, 0, 0, 106.0, -551.0, 139.0, -106.0, 369.0, -139.0, 408.0, 5]
[125, -65, 10, 15, 0, 0, 0, 103.0, -553.0, 136.0, -103.0, 371.0, -136.0, 408.0, 5]
[125, -75, -5, 15, 0, 0, 0, 59.0, -572.0, 106.0, -59.0, 390.0, -106.0, 408.0, 5]
[125, -75, 25, 15, 0, 0, 0, 40.0, -579.0, 87.0, -40.0, 397.0, -87.0, 408.0, 5]
[125, -80, 20, 15, 0, 0, 0, 14.0, -584.0, 71.0, -14.0, 402.0, -71.0, 408.0, 5]
[125, -90, -40, 15, 0, 0, 0, 5.0, -587.0, 53.0, -5.0, 405.0, -53.0, 408.0, 5]
[125, -90, -35, 15, 0, 0, 0, 0.0, -587.0, 53.0, 0.0, 405.0, -53.0, 408.0, 5]
[125, -90, -30, 15, 0, 0, 0, -5.0, -587.0, 53.0, 5.0, 405.0, -53.0, 408.0, 5]
[0, -90, 20, 15, 0, 0, 0, 50.0, -587.0, 18.0, -50.0, 405.0, -18.0, 408.0, 10]
[0, -90, 25, 15, 0, 0, 0, 48.0, -587.0, 23.0, -48.0, 405.0, -23.0, 408.0, 10]
[0, -90, 30, 15, 0, 0, 0, 46.0, -587.0, 27.0, -46.0, 405.0, -27.0, 408.0, 10]
[0, -90, 40, 15, 0, 0, 0, 41.0, -587.0, 34.0, -41.0, 405.0, -34.0, 408.0, 10]
[5, -10, -25, 15, 0, 0, 0, 83.0, -230.0, -397.0, -83.0, 48.0, 397.0, 408.0, 10]
[5, -15, 35, 15, 0, 0, 0, 77.0, -316.0, -378.0, -77.0, 134.0, 378.0, 408.0, 10]
[5, -25, 0, 15, 0, 0, 0, 85.0, -353.0, -361.0, -85.0, 171.0, 361.0, 408.0, 10]
[5, -45, -5, 15, 0, 0, 0, 78.0, -465.0, -284.0, -78.0, 283.0, 284.0, 408.0, 10]
[5, -45, 15, 15, 0, 0, 0, 75.0, -478.0, -271.0, -75.0, 296.0, 271.0, 408.0, 10]
[5, -50, 20, 15, 0, 0, 0, 71.0, -504.0, -241.0, -71.0, 322.0, 241.0, 408.0, 10]
[5, -55, -40, 15, 0, 0, 0, 63.0, -494.0, -256.0, -63.0, 312.0, 256.0, 408.0, 10]
[5, -60, 5, 15, 0, 0, 0, 70.0, -535.0, -193.0, -70.0, 353.0, 193.0, 408.0, 10]
[5, -60, 25, 15, 0, 0, 0, 64.0, -544.0, -178.0, -64.0, 362.0, 178.0, 408.0, 10]
[5, -65, 0, 15, 0, 0, 0, 68.0, -549.0, -166.0, -68.0, 367.0, 166.0, 408.0, 10]
[5, -65, 35, 15, 0, 0, 0, 56.0, -562.0, -139.0, -56.0, 380.0, 139.0, 408.0, 10]
[5, -75, -5, 15, 0, 0, 0, 62.0, -572.0, -104.0, -62.0, 390.0, 104.0, 408.0, 10]
[5, -80, 20, 15, 0, 0, 0, 54.0, -584.0, -48.0, -54.0, 402.0, 48.0, 408.0, 10]
[5, -90, -45, 15, 0, 0, 0, 41.0, -587.0, -34.0, -41.0, 405.0, 34.0, 408.0, 10]
[5, -90, -35, 15, 0, 0, 0, 46.0, -587.0, -27.0, -46.0, 405.0, 27.0, 408.0, 10]
[60, -90, 10, 15, 0, 0, 0, 18.0, -587.0, 50.0, -18.0, 405.0, -50.0, 408.0, 10]
[60, -90, 25, 15, 0, 0, 0, 5.0, -587.0, 53.0, -5.0, 405.0, -53.0, 408.0, 10]
[60, -90, 30, 15, 0, 0, 0, -0.0, -587.0, 53.0, 0.0, 405.0, -53.0, 408.0, 10]
[60, -90, 35, 15, 0, 0, 0, -5.0, -587.0, 53.0, 5.0, 405.0, -53.0, 408.0, 10]
[65, -10, 0, 15, 0, 0, 0, 384.0, -252.0, -120.0, -384.0, 70.0, 120.0, 408.0, 10]
[65, -15, -20, 15, 0, 0, 0, 380.0, -269.0, -122.0, -380.0, 87.0, 122.0, 408.0, 10]
[65, -15, 15, 15, 0, 0, 0, 373.0, -300.0, -117.0, -373.0, 118.0, 117.0, 408.0, 10]
[65, -25, -40, 15, 0, 0, 0, 363.0, -322.0, -124.0, -363.0, 140.0, 124.0, 408.0, 10]
[65, -30, 25, 15, 0, 0, 0, 328.0, -404.0, -100.0, -328.0, 222.0, 100.0, 408.0, 10]
[65, -35, 45, 15, 0, 0, 0, 297.0, -445.0, -97.0, -297.0, 263.0, 97.0, 408.0, 10]
[65, -45, -5, 15, 0, 0, 0, 285.0, -465.0, -74.0, -285.0, 283.0, 74.0, 408.0, 10]
[65, -50, -45, 15, 0, 0, 0, 278.0, -468.0, -88.0, -278.0, 286.0, 88.0, 408.0, 10]
[65, -50, -30, 15, 0, 0, 0, 274.0, -475.0, -77.0, -274.0, 293.0, 77.0, 408.0, 10]
[65, -50, 15, 15, 0, 0, 0, 248.0, -501.0, -59.0, -248.0, 319.0, 59.0, 408.0, 10]
[65, -55, -40, 15, 0, 0, 0, 253.0, -494.0, -73.0, -253.0, 312.0, 73.0, 408.0, 10]
[65, -55, 10, 15, 0, 0, 0, 226.0, -519.0, -47.0, -226.0, 337.0, 47.0, 408.0, 10]
[65, -60, 25, 15, 0, 0, 0, 186.0, -544.0, -34.0, -186.0, 362.0, 34.0, 408.0, 10]
[65, -60, 30, 15, 0, 0, 0, 182.0, -546.0, -34.0, -182.0, 364.0, 34.0, 408.0, 10]
[65, -60, 35, 15, 0, 0, 0, 178.0, -548.0, -35.0, -178.0, 366.0, 35.0, 408.0, 10]
[125, -90, -15, 15, 0, 0, 0, -18.0, -587.0, 50.0, 18.0, 405.0, -50.0, 408.0, 10]
[125, -90, -10, 15, 0, 0, 0, -23.0, -587.0, 48.0, 23.0, 405.0, -48.0, 408.0, 10]
[125, -90, -5, 15, 0, 0, 0, -27.0, -587.0, 46.0, 27.0, 405.0, -46.0, 408.0, 10]
[125, -90, 5, 15, 0, 0, 0, -34.0, -587.0, 41.0, 34.0, 405.0, -41.0, 408.0, 10]
[125, -90, 15, 15, 0, 0, 0, -41.0, -587.0, 34.0, 41.0, 405.0, -34.0, 408.0, 10]
[125, -90, 25, 15, 0, 0, 0, -46.0, -587.0, 27.0, 46.0, 405.0, -27.0, 408.0, 10]
[125, -90, 30, 15, 0, 0, 0, -48.0, -587.0, 23.0, 48.0, 405.0, -23.0, 408.0, 10]
[125, -90, 35, 15, 0, 0, 0, -50.0, -587.0, 18.0, 50.0, 405.0, -18.0, 408.0, 10]
[125, -90, 40, 15, 0, 0, 0, -51.0, -587.0, 14.0, 51.0, 405.0, -14.0, 408.0, 10]
[130, 0, -5, 15, 0, 0, 0, 276.0, -177.0, 301.0, -276.0, -5.0, -301.0, 408.0, 10]
[130, 0, 0, 15, 0, 0, 0, 276.0, -182.0, 301.0, -276.0, 0.0, -301.0, 408.0, 10]
[130, 0, 5, 15, 0, 0, 0, 276.0, -187.0, 301.0, -276.0, 5.0, -301.0, 408.0, 10]
[130, -5, -10, 15, 0, 0, 0, 276.0, -208.0, 300.0, -276.0, 26.0, -300.0, 408.0, 10]
[130, -5, 0, 15, 0, 0, 0, 275.0, -217.0, 300.0, -275.0, 35.0, -300.0, 408.0, 10]
[130, -5, 15, 15, 0, 0, 0, 275.0, -231.0, 298.0, -275.0, 49.0, -298.0, 408.0, 10]
[130, -15, -20, 15, 0, 0, 0, 271.0, -269.0, 293.0, -271.0, 87.0, -293.0, 408.0, 10]
[130, -15, 10, 15, 0, 0, 0, 264.0, -296.0, 290.0, -264.0, 114.0, -290.0, 408.0, 10]
[130, -15, 45, 15, 0, 0, 0, 268.0, -323.0, 274.0, -268.0, 141.0, -274.0, 408.0, 10]
[130, -25, -45, 15, 0, 0, 0, 269.0, -319.0, 275.0, -269.0, 137.0, -275.0, 408.0, 10]
[5, -90, -30, 15, 0, 0, 0, 48.0, -587.0, -23.0, -48.0, 405.0, 23.0, 408.0, 15]
[5, -90, -25, 15, 0, 0, 0, 50.0, -587.0, -18.0, -50.0, 405.0, 18.0, 408.0, 15]
[5, -90, -20, 15, 0, 0, 0, 51.0, -587.0, -14.0, -51.0, 405.0, 14.0, 408.0, 15]
[5, -90, -10, 15, 0, 0, 0, 53.0, -587.0, -5.0, -53.0, 405.0, 5.0, 408.0, 15]
[5, -90, -5, 15, 0, 0, 0, 53.0, -587.0, 0.0, -53.0, 405.0, 0.0, 408.0, 15]
[5, -90, 0, 15, 0, 0, 0, 53.0, -587.0, 5.0, -53.0, 405.0, -5.0, 408.0, 15]
[5, -90, 10, 15, 0, 0, 0, 51.0, -587.0, 14.0, -51.0, 405.0, -14.0, 408.0, 15]
[5, -90, 15, 15, 0, 0, 0, 50.0, -587.0, 18.0, -50.0, 405.0, -18.0, 408.0, 15]
[5, -90, 20, 15, 0, 0, 0, 48.0, -587.0, 23.0, -48.0, 405.0, -23.0, 408.0, 15]
[5, -90, 25, 15, 0, 0, 0, 46.0, -587.0, 27.0, -46.0, 405.0, -27.0, 408.0, 15]
[5, -90, 35, 15, 0, 0, 0, 41.0, -587.0, 34.0, -41.0, 405.0, -34.0, 408.0, 15]
[5, -90, 45, 15, 0, 0, 0, 34.0, -587.0, 41.0, -34.0, 405.0, -41.0, 408.0, 15]
[10, -5, 25, 15, 0, 0, 0, 117.0, -240.0, -387.0, -117.0, 58.0, 387.0, 408.0, 15]
[10, -5, 30, 15, 0, 0, 0, 115.0, -244.0, -387.0, -115.0, 62.0, 387.0, 408.0, 15]
[10, -10, 20, 15, 0, 0, 0, 118.0, -270.0, -381.0, -118.0, 88.0, 381.0, 408.0, 15]
[10, -20, 5, 15, 0, 0, 0, 118.0, -325.0, -364.0, -118.0, 143.0, 364.0, 408.0, 15]
[10, -20, 35, 15, 0, 0, 0, 107.0, -349.0, -357.0, -107.0, 167.0, 357.0, 408.0, 15]
[10, -35, 45, 15, 0, 0, 0, 91.0, -445.0, -299.0, -91.0, 263.0, 299.0, 408.0, 15]
[10, -40, -40, 15, 0, 0, 0, 98.0, -416.0, -320.0, -98.0, 234.0, 320.0, 408.0, 15]
[65, -65, 45, 15, 0, 0, 0, 140.0, -565.0, -24.0, -140.0, 383.0, 24.0, 408.0, 15]
[65, -70, 35, 15, 0, 0, 0, 118.0, -573.0, -7.0, -118.0, 391.0, 7.0, 408.0, 15]
[65, -80, -25, 15, 0, 0, 0, 104.0, -577.0, 5.0, -104.0, 395.0, -5.0, 408.0, 15]
[65, -90, -45, 15, 0, 0, 0, 50.0, -587.0, 18.0, -50.0, 405.0, -18.0, 408.0, 15]
[65, -90, -40, 15, 0, 0, 0, 48.0, -587.0, 23.0, -48.0, 405.0, -23.0, 408.0, 15]
[65, -90, -35, 15, 0, 0, 0, 46.0, -587.0, 27.0, -46.0, 405.0, -27.0, 408.0, 15]
[65, -90, -25, 15, 0, 0, 0, 41.0, -587.0, 34.0, -41.0, 405.0, -34.0, 408.0, 15]
[65, -90, -15, 15, 0, 0, 0, 34.0, -587.0, 41.0, -34.0, 405.0, -41.0, 408.0, 15]
[65, -90, -5, 15, 0, 0, 0, 27.0, -587.0, 46.0, -27.0, 405.0, -46.0, 408.0, 15]
[65, -90, 0, 15, 0, 0, 0, 23.0, -587.0, 48.0, -23.0, 405.0, -48.0, 408.0, 15]
[65, -90, 5, 15, 0, 0, 0, 18.0, -587.0, 50.0, -18.0, 405.0, -50.0, 408.0, 15]
[65, -90, 20, 15, 0, 0, 0, 5.0, -587.0, 53.0, -5.0, 405.0, -53.0, 408.0, 15]
[65, -90, 25, 15, 0, 0, 0, 0.0, -587.0, 53.0, 0.0, 405.0, -53.0, 408.0, 15]
[65, -90, 30, 15, 0, 0, 0, -5.0, -587.0, 53.0, 5.0, 405.0, -53.0, 408.0, 15]
[65, -90, 45, 15, 0, 0, 0, -18.0, -587.0, 50.0, 18.0, 405.0, -50.0, 408.0, 15]
[70, -10, 0, 15, 0, 0, 0, 393.0, -252.0, -86.0, -393.0, 70.0, 86.0, 408.0, 15]
[70, -10, 20, 15, 0, 0, 0, 389.0, -270.0, -88.0, -389.0, 88.0, 88.0, 408.0, 15]
[70, -15, -5, 15, 0, 0, 0, 387.0, -282.0, -84.0, -387.0, 100.0, 84.0, 408.0, 15]
[70, -55, -25, 15, 0, 0, 0, 252.0, -501.0, -40.0, -252.0, 319.0, 40.0, 408.0, 15]
[130, -30, 25, 15, 0, 0, 0, 229.0, -404.0, 255.0, -229.0, 222.0, -255.0, 408.0, 15]
[130, -30, 45, 15, 0, 0, 0, 230.0, -417.0, 242.0, -230.0, 235.0, -242.0, 408.0, 15]
[130, -35, 5, 15, 0, 0, 0, 218.0, -418.0, 252.0, -218.0, 236.0, -252.0, 408.0, 15]
[130, -45, 15, 15, 0, 0, 0, 179.0, -478.0, 217.0, -179.0, 296.0, -217.0, 408.0, 15]
[130, -50, 15, 15, 0, 0, 0, 158.0, -501.0, 200.0, -158.0, 319.0, -200.0, 408.0, 15]
[130, -60, -15, 15, 0, 0, 0, 131.0, -526.0, 177.0, -131.0, 344.0, -177.0, 408.0, 15]
[130, -60, 5, 15, 0, 0, 0, 118.0, -535.0, 168.0, -118.0, 353.0, -168.0, 408.0, 15]
[130, -70, 35, 15, 0, 0, 0, 56.0, -573.0, 104.0, -56.0, 391.0, -104.0, 408.0, 15]
[130, -75, 25, 15, 0, 0, 0, 33.0, -579.0, 90.0, -33.0, 397.0, -90.0, 408.0, 15]
[130, -80, 20, 15, 0, 0, 0, 8.0, -584.0, 72.0, -8.0, 402.0, -72.0, 408.0, 15]
[130, -90, -45, 15, 0, 0, 0, 5.0, -587.0, 53.0, -5.0, 405.0, -53.0, 408.0, 15]
[130, -90, -40, 15, 0, 0, 0, 0.0, -587.0, 53.0, 0.0, 405.0, -53.0, 408.0, 15]
[130, -90, -35, 15, 0, 0, 0, -5.0, -587.0, 53.0, 5.0, 405.0, -53.0, 408.0, 15]
[130, -90, -20, 15, 0, 0, 0, -18.0, -587.0, 50.0, 18.0, 405.0, -50.0, 408.0, 15]
[130, -90, -15, 15, 0, 0, 0, -23.0, -587.0, 48.0, 23.0, 405.0, -48.0, 408.0, 15]
[130, -90, -10, 15, 0, 0, 0, -27.0, -587.0, 46.0, 27.0, 405.0, -46.0, 408.0, 15]
[130, -90, 0, 15, 0, 0, 0, -34.0, -587.0, 41.0, 34.0, 405.0, -41.0, 408.0, 15]
[130, -90, 10, 15, 0, 0, 0, -41.0, -587.0, 34.0, 41.0, 405.0, -34.0, 408.0, 15]
[130, -90, 20, 15, 0, 0, 0, -46.0, -587.0, 27.0, 46.0, 405.0, -27.0, 408.0, 15]
[10, -45, 35, 15, 0, 0, 0, 89.0, -490.0, -253.0, -89.0, 308.0, 253.0, 408.0, 20]
[10, -50, 15, 15, 0, 0, 0, 94.0, -501.0, -237.0, -94.0, 319.0, 237.0, 408.0, 20]
[10, -55, 10, 15, 0, 0, 0, 91.0, -519.0, -212.0, -91.0, 337.0, 212.0, 408.0, 20]
[10, -60, 5, 15, 0, 0, 0, 87.0, -535.0, -186.0, -87.0, 353.0, 186.0, 408.0, 20]
[10, -60, 25, 15, 0, 0, 0, 79.0, -544.0, -172.0, -79.0, 362.0, 172.0, 408.0, 20]
[10, -65, 5, 15, 0, 0, 0, 81.0, -551.0, -155.0, -81.0, 369.0, 155.0, 408.0, 20]
[10, -65, 10, 15, 0, 0, 0, 80.0, -553.0, -151.0, -80.0, 371.0, 151.0, 408.0, 20]
[10, -80, -40, 15, 0, 0, 0, 58.0, -575.0, -95.0, -58.0, 393.0, 95.0, 408.0, 20]
[10, -80, 20, 15, 0, 0, 0, 58.0, -584.0, -43.0, -58.0, 402.0, 43.0, 408.0, 20]
[10, -90, -40, 15, 0, 0, 0, 46.0, -587.0, -27.0, -46.0, 405.0, 27.0, 408.0, 20]
[10, -90, -35, 15, 0, 0, 0, 48.0, -587.0, -23.0, -48.0, 405.0, 23.0, 408.0, 20]
[10, -90, -30, 15, 0, 0, 0, 50.0, -587.0, -18.0, -50.0, 405.0, 18.0, 408.0, 20]
[10, -90, -25, 15, 0, 0, 0, 51.0, -587.0, -14.0, -51.0, 405.0, 14.0, 408.0, 20]
[10, -90, -15, 15, 0, 0, 0, 53.0, -587.0, -5.0, -53.0, 405.0, 5.0, 408.0, 20]
[10, -90, -10, 15, 0, 0, 0, 53.0, -587.0, 0.0, -53.0, 405.0, 0.0, 408.0, 20]
[10, -90, -5, 15, 0, 0, 0, 53.0, -587.0, 5.0, -53.0, 405.0, -5.0, 408.0, 20]
[10, -90, 10, 15, 0, 0, 0, 50.0, -587.0, 18.0, -50.0, 405.0, -18.0, 408.0, 20]
[10, -90, 15, 15, 0, 0, 0, 48.0, -587.0, 23.0, -48.0, 405.0, -23.0, 408.0, 20]
[10, -90, 20, 15, 0, 0, 0, 46.0, -587.0, 27.0, -46.0, 405.0, -27.0, 408.0, 20]
[70, -55, -5, 15, 0, 0, 0, 240.0, -511.0, -31.0, -240.0, 329.0, 31.0, 408.0, 20]
[70, -55, 10, 15, 0, 0, 0, 229.0, -519.0, -28.0, -229.0, 337.0, 28.0, 408.0, 20]
[70, -65, 0, 15, 0, 0, 0, 179.0, -549.0, -9.0, -179.0, 367.0, 9.0, 408.0, 20]
[70, -65, 5, 15, 0, 0, 0, 175.0, -551.0, -7.0, -175.0, 369.0, 7.0, 408.0, 20]
[70, -70, 35, 15, 0, 0, 0, 118.0, -573.0, 3.0, -118.0, 391.0, -3.0, 408.0, 20]
[70, -80, 20, 15, 0, 0, 0, 66.0, -584.0, 29.0, -66.0, 402.0, -29.0, 408.0, 20]
[70, -90, -45, 15, 0, 0, 0, 48.0, -587.0, 23.0, -48.0, 405.0, -23.0, 408.0, 20]
[70, -90, -40, 15, 0, 0, 0, 46.0, -587.0, 27.0, -46.0, 405.0, -27.0, 408.0, 20]
[70, -90, -30, 15, 0, 0, 0, 41.0, -587.0, 34.0, -41.0, 405.0, -34.0, 408.0, 20]
[70, -90, -20, 15, 0, 0, 0, 34.0, -587.0, 41.0, -34.0, 405.0, -41.0, 408.0, 20]
[70, -90, -10, 15, 0, 0, 0, 27.0, -587.0, 46.0, -27.0, 405.0, -46.0, 408.0, 20]
[70, -90, -5, 15, 0, 0, 0, 23.0, -587.0, 48.0, -23.0, 405.0, -48.0, 408.0, 20]
[70, -90, 0, 15, 0, 0, 0, 18.0, -587.0, 50.0, -18.0, 405.0, -50.0, 408.0, 20]
[70, -90, 15, 15, 0, 0, 0, 5.0, -587.0, 53.0, -5.0, 405.0, -53.0, 408.0, 20]
[70, -90, 20, 15, 0, 0, 0, 0.0, -587.0, 53.0, 0.0, 405.0, -53.0, 408.0, 20]
[70, -90, 25, 15, 0, 0, 0, -5.0, -587.0, 53.0, 5.0, 405.0, -53.0, 408.0, 20]
[70, -90, 40, 15, 0, 0, 0, -18.0, -587.0, 50.0, 18.0, 405.0, -50.0, 408.0, 20]
[70, -90, 45, 15, 0, 0, 0, -23.0, -587.0, 48.0, 23.0, 405.0, -48.0, 408.0, 20]
[75, 0, 0, 15, 0, 0, 0, 405.0, -182.0, -53.0, -405.0, 0.0, 53.0, 408.0, 20]
[130, -90, 25, 15, 0, 0, 0, -48.0, -587.0, 23.0, 48.0, 405.0, -23.0, 408.0, 20]
[130, -90, 30, 15, 0, 0, 0, -50.0, -587.0, 18.0, 50.0, 405.0, -18.0, 408.0, 20]
[130, -90, 35, 15, 0, 0, 0, -51.0, -587.0, 14.0, 51.0, 405.0, -14.0, 408.0, 20]
[130, -90, 45, 15, 0, 0, 0, -53.0, -587.0, 5.0, 53.0, 405.0, -5.0, 408.0, 20]
[135, -5, -5, 15, 0, 0, 0, 248.0, -213.0, 323.0, -248.0, 31.0, -323.0, 408.0, 20]
[135, -10, -5, 15, 0, 0, 0, 245.0, -248.0, 320.0, -245.0, 66.0, -320.0, 408.0, 20]
[135, -15, -30, 15, 0, 0, 0, 249.0, -261.0, 314.0, -249.0, 79.0, -314.0, 408.0, 20]
[135, -15, -5, 15, 0, 0, 0, 240.0, -282.0, 315.0, -240.0, 100.0, -315.0, 408.0, 20]
[135, -15, 35, 15, 0, 0, 0, 240.0, -316.0, 302.0, -240.0, 134.0, -302.0, 408.0, 20]
[135, -25, -30, 15, 0, 0, 0, 235.0, -329.0, 300.0, -235.0, 147.0, -300.0, 408.0, 20]
[135, -40, -15, 15, 0, 0, 0, 189.0, -432.0, 262.0, -189.0, 250.0, -262.0, 408.0, 20]
[135, -45, -10, 15, 0, 0, 0, 170.0, -462.0, 244.0, -170.0, 280.0, -244.0, 408.0, 20]
[135, -45, 15, 15, 0, 0, 0, 159.0, -478.0, 232.0, -159.0, 296.0, -232.0, 408.0, 20]
[135, -50, -45, 15, 0, 0, 0, 178.0, -468.0, 231.0, -178.0, 286.0, -231.0, 408.0, 20]
[135, -50, -30, 15, 0, 0, 0, 166.0, -475.0, 231.0, -166.0, 293.0, -231.0, 408.0, 20]
[135, -50, 15, 15, 0, 0, 0, 140.0, -501.0, 213.0, -140.0, 319.0, -213.0, 408.0, 20]
[135, -55, -40, 15, 0, 0, 0, 155.0, -494.0, 213.0, -155.0, 312.0, -213.0, 408.0, 20]
[135, -55, 10, 15, 0, 0, 0, 122.0, -519.0, 196.0, -122.0, 337.0, -196.0, 408.0, 20]
[135, -65, 0, 15, 0, 0, 0, 83.0, -549.0, 159.0, -83.0, 367.0, -159.0, 408.0, 20]
[10, -90, 30, 15, 0, 0, 0, 41.0, -587.0, 34.0, -41.0, 405.0, -34.0, 408.0, 25]
[10, -90, 40, 15, 0, 0, 0, 34.0, -587.0, 41.0, -34.0, 405.0, -41.0, 408.0, 25]
[15, -5, -35, 15, 0, 0, 0, 147.0, -187.0, -381.0, -147.0, 5.0, 381.0, 408.0, 25]
[15, -5, -10, 15, 0, 0, 0, 155.0, -208.0, -377.0, -155.0, 26.0, 377.0, 408.0, 25]
[15, -10, 40, 15, 0, 0, 0, 141.0, -286.0, -369.0, -141.0, 104.0, 369.0, 408.0, 25]
[15, -15, 5, 15, 0, 0, 0, 152.0, -291.0, -363.0, -152.0, 109.0, 363.0, 408.0, 25]
[15, -15, 10, 15, 0, 0, 0, 151.0, -296.0, -362.0, -151.0, 114.0, 362.0, 408.0, 25]
[15, -25, -40, 15, 0, 0, 0, 138.0, -322.0, -358.0, -138.0, 140.0, 358.0, 408.0, 25]
[15, -25, 40, 15, 0, 0, 0, 131.0, -384.0, -330.0, -131.0, 202.0, 330.0, 408.0, 25]
[15, -30, 45, 15, 0, 0, 0, 122.0, -417.0, -311.0, -122.0, 235.0, 311.0, 408.0, 25]
[15, -45, -5, 15, 0, 0, 0, 126.0, -465.0, -266.0, -126.0, 283.0, 266.0, 408.0, 25]
[15, -45, 15, 15, 0, 0, 0, 121.0, -478.0, -254.0, -121.0, 296.0, 254.0, 408.0, 25]
[15, -45, 45, 15, 0, 0, 0, 104.0, -495.0, -241.0, -104.0, 313.0, 241.0, 408.0, 25]
[15, -50, 15, 15, 0, 0, 0, 114.0, -501.0, -228.0, -114.0, 319.0, 228.0, 408.0, 25]
[15, -50, 20, 15, 0, 0, 0, 112.0, -504.0, -225.0, -112.0, 322.0, 225.0, 408.0, 25]
[15, -60, 25, 15, 0, 0, 0, 94.0, -544.0, -164.0, -94.0, 362.0, 164.0, 408.0, 25]
[15, -65, 35, 15, 0, 0, 0, 79.0, -562.0, -127.0, -79.0, 380.0, 127.0, 408.0, 25]
[15, -70, -5, 15, 0, 0, 0, 88.0, -561.0, -124.0, -88.0, 379.0, 124.0, 408.0, 25]
[15, -75, 25, 15, 0, 0, 0, 68.0, -579.0, -68.0, -68.0, 397.0, 68.0, 408.0, 25]
[75, -15, -25, 15, 0, 0, 0, 396.0, -265.0, -56.0, -396.0, 83.0, 56.0, 408.0, 25]
[75, -45, 35, 15, 0, 0, 0, 267.0, -490.0, -26.0, -267.0, 308.0, 26.0, 408.0, 25]
[75, -50, -45, 15, 0, 0, 0, 289.0, -468.0, -39.0, -289.0, 286.0, 39.0, 408.0, 25]
[75, -50, -30, 15, 0, 0, 0, 283.0, -475.0, -28.0, -283.0, 293.0, 28.0, 408.0, 25]
[75, -50, 35, 15, 0, 0, 0, 240.0, -512.0, -19.0, -240.0, 330.0, 19.0, 408.0, 25]
[75, -55, -40, 15, 0, 0, 0, 262.0, -494.0, -28.0, -262.0, 312.0, 28.0, 408.0, 25]
[75, -60, 25, 15, 0, 0, 0, 189.0, -544.0, -1.0, -189.0, 362.0, 1.0, 408.0, 25]
[75, -60, 30, 15, 0, 0, 0, 185.0, -546.0, -2.0, -185.0, 364.0, 2.0, 408.0, 25]
[75, -65, 0, 15, 0, 0, 0, 179.0, -549.0, 7.0, -179.0, 367.0, -7.0, 408.0, 25]
[75, -65, 5, 15, 0, 0, 0, 175.0, -551.0, 8.0, -175.0, 369.0, -8.0, 408.0, 25]
[75, -65, 45, 15, 0, 0, 0, 142.0, -565.0, 1.0, -142.0, 383.0, -1.0, 408.0, 25]
[75, -75, -5, 15, 0, 0, 0, 119.0, -572.0, 23.0, -119.0, 390.0, -23.0, 408.0, 25]
[75, -90, -45, 15, 0, 0, 0, 46.0, -587.0, 27.0, -46.0, 405.0, -27.0, 408.0, 25]
[75, -90, -35, 15, 0, 0, 0, 41.0, -587.0, 34.0, -41.0, 405.0, -34.0, 408.0, 25]
[75, -90, -25, 15, 0, 0, 0, 34.0, -587.0, 41.0, -34.0, 405.0, -41.0, 408.0, 25]
[75, -90, -15, 15, 0, 0, 0, 27.0, -587.0, 46.0, -27.0, 405.0, -46.0, 408.0, 25]
[75, -90, -10, 15, 0, 0, 0, 23.0, -587.0, 48.0, -23.0, 405.0, -48.0, 408.0, 25]
[75, -90, -5, 15, 0, 0, 0, 18.0, -587.0, 50.0, -18.0, 405.0, -50.0, 408.0, 25]
[75, -90, 10, 15, 0, 0, 0, 5.0, -587.0, 53.0, -5.0, 405.0, -53.0, 408.0, 25]
[135, -65, 10, 15, 0, 0, 0, 78.0, -553.0, 152.0, -78.0, 371.0, -152.0, 408.0, 25]
[135, -65, 35, 15, 0, 0, 0, 71.0, -562.0, 132.0, -71.0, 380.0, -132.0, 408.0, 25]
[135, -90, -45, 15, 0, 0, 0, 0.0, -587.0, 53.0, 0.0, 405.0, -53.0, 408.0, 25]
[135, -90, -40, 15, 0, 0, 0, -5.0, -587.0, 53.0, 5.0, 405.0, -53.0, 408.0, 25]
[135, -90, -25, 15, 0, 0, 0, -18.0, -587.0, 50.0, 18.0, 405.0, -50.0, 408.0, 25]
[135, -90, -20, 15, 0, 0, 0, -23.0, -587.0, 48.0, 23.0, 405.0, -48.0, 408.0, 25]
[135, -90, -15, 15, 0, 0, 0, -27.0, -587.0, 46.0, 27.0, 405.0, -46.0, 408.0, 25]
[135, -90, -5, 15, 0, 0, 0, -34.0, -587.0, 41.0, 34.0, 405.0, -41.0, 408.0, 25]
[135, -90, 5, 15, 0, 0, 0, -41.0, -587.0, 34.0, 41.0, 405.0, -34.0, 408.0, 25]
[135, -90, 15, 15, 0, 0, 0, -46.0, -587.0, 27.0, 46.0, 405.0, -27.0, 408.0, 25]
[135, -90, 20, 15, 0, 0, 0, -48.0, -587.0, 23.0, 48.0, 405.0, -23.0, 408.0, 25]
[135, -90, 25, 15, 0, 0, 0, -50.0, -587.0, 18.0, 50.0, 405.0, -18.0, 408.0, 25]
[135, -90, 30, 15, 0, 0, 0, -51.0, -587.0, 14.0, 51.0, 405.0, -14.0, 408.0, 25]
[135, -90, 40, 15, 0, 0, 0, -53.0, -587.0, 5.0, 53.0, 405.0, -5.0, 408.0, 25]
[135, -90, 45, 15, 0, 0, 0, -53.0, -587.0, 0.0, 53.0, 405.0, 0.0, 408.0, 25]
[15, -75, 45, 15, 0, 0, 0, 54.0, -583.0, -56.0, -54.0, 401.0, 56.0, 408.0, 30]
[15, -90, -45, 15, 0, 0, 0, 46.0, -587.0, -27.0, -46.0, 405.0, 27.0, 408.0, 30]
[15, -90, -40, 15, 0, 0, 0, 48.0, -587.0, -23.0, -48.0, 405.0, 23.0, 408.0, 30]
[15, -90, -35, 15, 0, 0, 0, 50.0, -587.0, -18.0, -50.0, 405.0, 18.0, 408.0, 30]
[15, -90, -30, 15, 0, 0, 0, 51.0, -587.0, -14.0, -51.0, 405.0, 14.0, 408.0, 30]
[15, -90, -20, 15, 0, 0, 0, 53.0, -587.0, -5.0, -53.0, 405.0, 5.0, 408.0, 30]
[15, -90, -15, 15, 0, 0, 0, 53.0, -587.0, 0.0, -53.0, 405.0, 0.0, 408.0, 30]
[15, -90, -10, 15, 0, 0, 0, 53.0, -587.0, 5.0, -53.0, 405.0, -5.0, 408.0, 30]
[15, -90, 5, 15, 0, 0, 0, 50.0, -587.0, 18.0, -50.0, 405.0, -18.0, 408.0, 30]
[15, -90, 10, 15, 0, 0, 0, 48.0, -587.0, 23.0, -48.0, 405.0, -23.0, 408.0, 30]
[15, -90, 15, 15, 0, 0, 0, 46.0, -587.0, 27.0, -46.0, 405.0, -27.0, 408.0, 30]
[15, -90, 25, 15, 0, 0, 0, 41.0, -587.0, 34.0, -41.0, 405.0, -34.0, 408.0, 30]
[15, -90, 35, 15, 0, 0, 0, 34.0, -587.0, 41.0, -34.0, 405.0, -41.0, 408.0, 30]
[15, -90, 45, 15, 0, 0, 0, 27.0, -587.0, 46.0, -27.0, 405.0, -46.0, 408.0, 30]
[20, -10, -45, 15, 0, 0, 0, 174.0, -215.0, -368.0, -174.0, 33.0, 368.0, 408.0, 30]
[20, -10, -35, 15, 0, 0, 0, 179.0, -222.0, -365.0, -179.0, 40.0, 365.0, 408.0, 30]
[20, -10, -25, 15, 0, 0, 0, 183.0, -230.0, -362.0, -183.0, 48.0, 362.0, 408.0, 30]
[20, -15, -40, 15, 0, 0, 0, 175.0, -254.0, -362.0, -175.0, 72.0, 362.0, 408.0, 30]
[20, -30, -35, 15, 0, 0, 0, 166.0, -358.0, -329.0, -166.0, 176.0, 329.0, 408.0, 30]
[75, -90, 15, 15, 0, 0, 0, 0.0, -587.0, 53.0, 0.0, 405.0, -53.0, 408.0, 30]
[75, -90, 20, 15, 0, 0, 0, -5.0, -587.0, 53.0, 5.0, 405.0, -53.0, 408.0, 30]
[75, -90, 35, 15, 0, 0, 0, -18.0, -587.0, 50.0, 18.0, 405.0, -50.0, 408.0, 30]
[75, -90, 40, 15, 0, 0, 0, -23.0, -587.0, 48.0, 23.0, 405.0, -48.0, 408.0, 30]
[75, -90, 45, 15, 0, 0, 0, -27.0, -587.0, 46.0, 27.0, 405.0, -46.0, 408.0, 30]
[80, -10, -25, 15, 0, 0, 0, 405.0, -230.0, -22.0, -405.0, 48.0, 22.0, 408.0, 30]
[80, -10, 40, 15, 0, 0, 0, 394.0, -286.0, -28.0, -394.0, 104.0, 28.0, 408.0, 30]
[80, -20, -45, 15, 0, 0, 0, 394.0, -285.0, -31.0, -394.0, 103.0, 31.0, 408.0, 30]
[80, -30, -35, 15, 0, 0, 0, 368.0, -358.0, -21.0, -368.0, 176.0, 21.0, 408.0, 30]
[80, -35, 45, 15, 0, 0, 0, 312.0, -445.0, -17.0, -312.0, 263.0, 17.0, 408.0, 30]
[80, -45, -40, 15, 0, 0, 0, 313.0, -444.0, -14.0, -313.0, 262.0, 14.0, 408.0, 30]
[80, -50, 15, 15, 0, 0, 0, 255.0, -501.0, 7.0, -255.0, 319.0, -7.0, 408.0, 30]
[80, -60, 35, 15, 0, 0, 0, 181.0, -548.0, 12.0, -181.0, 366.0, -12.0, 408.0, 30]
[80, -70, -5, 15, 0, 0, 0, 150.0, -561.0, 27.0, -150.0, 379.0, -27.0, 408.0, 30]
[80, -75, 25, 15, 0, 0, 0, 90.0, -579.0, 33.0, -90.0, 397.0, -33.0, 408.0, 30]
[80, -80, 20, 15, 0, 0, 0, 60.0, -584.0, 40.0, -60.0, 402.0, -40.0, 408.0, 30]
[80, -90, -40, 15, 0, 0, 0, 41.0, -587.0, 34.0, -41.0, 405.0, -34.0, 408.0, 30]
[80, -90, -30, 15, 0, 0, 0, 34.0, -587.0, 41.0, -34.0, 405.0, -41.0, 408.0, 30]
[80, -90, -20, 15, 0, 0, 0, 27.0, -587.0, 46.0, -27.0, 405.0, -46.0, 408.0, 30]
[20, -30, 45, 15, 0, 0, 0, 149.0, -417.0, -299.0, -149.0, 235.0, 299.0, 408.0, 35]
[20, -45, -5, 15, 0, 0, 0, 149.0, -465.0, -254.0, -149.0, 283.0, 254.0, 408.0, 35]
[20, -45, 45, 15, 0, 0, 0, 124.0, -495.0, -231.0, -124.0, 313.0, 231.0, 408.0, 35]
[20, -50, -45, 15, 0, 0, 0, 134.0, -468.0, -259.0, -134.0, 286.0, 259.0, 408.0, 35]
[20, -50, 15, 15, 0, 0, 0, 134.0, -501.0, -217.0, -134.0, 319.0, 217.0, 408.0, 35]
[20, -55, 10, 15, 0, 0, 0, 126.0, -519.0, -193.0, -126.0, 337.0, 193.0, 408.0, 35]
[20, -55, 30, 15, 0, 0, 0, 115.0, -529.0, -182.0, -115.0, 347.0, 182.0, 408.0, 35]
[20, -65, 45, 15, 0, 0, 0, 82.0, -565.0, -116.0, -82.0, 383.0, 116.0, 408.0, 35]
[20, -70, 35, 15, 0, 0, 0, 79.0, -573.0, -88.0, -79.0, 391.0, 88.0, 408.0, 35]
[20, -80, -25, 15, 0, 0, 0, 77.0, -577.0, -70.0, -77.0, 395.0, 70.0, 408.0, 35]
[20, -80, 20, 15, 0, 0, 0, 65.0, -584.0, -32.0, -65.0, 402.0, 32.0, 408.0, 35]
[20, -90, -45, 15, 0, 0, 0, 48.0, -587.0, -23.0, -48.0, 405.0, 23.0, 408.0, 35]
[20, -90, -40, 15, 0, 0, 0, 50.0, -587.0, -18.0, -50.0, 405.0, 18.0, 408.0, 35]
[20, -90, -35, 15, 0, 0, 0, 51.0, -587.0, -14.0, -51.0, 405.0, 14.0, 408.0, 35]
[20, -90, -25, 15, 0, 0, 0, 53.0, -587.0, -5.0, -53.0, 405.0, 5.0, 408.0, 35]
[20, -90, -20, 15, 0, 0, 0, 53.0, -587.0, 0.0, -53.0, 405.0, 0.0, 408.0, 35]
[20, -90, -15, 15, 0, 0, 0, 53.0, -587.0, 5.0, -53.0, 405.0, -5.0, 408.0, 35]
[20, -90, 0, 15, 0, 0, 0, 50.0, -587.0, 18.0, -50.0, 405.0, -18.0, 408.0, 35]
[20, -90, 5, 15, 0, 0, 0, 48.0, -587.0, 23.0, -48.0, 405.0, -23.0, 408.0, 35]
[80, -90, -15, 15, 0, 0, 0, 23.0, -587.0, 48.0, -23.0, 405.0, -48.0, 408.0, 35]
[80, -90, -10, 15, 0, 0, 0, 18.0, -587.0, 50.0, -18.0, 405.0, -50.0, 408.0, 35]
[80, -90, 5, 15, 0, 0, 0, 5.0, -587.0, 53.0, -5.0, 405.0, -53.0, 408.0, 35]
[80, -90, 10, 15, 0, 0, 0, -0.0, -587.0, 53.0, 0.0, 405.0, -53.0, 408.0, 35]
[80, -90, 15, 15, 0, 0, 0, -5.0, -587.0, 53.0, 5.0, 405.0, -53.0, 408.0, 35]
[80, -90, 30, 15, 0, 0, 0, -18.0, -587.0, 50.0, 18.0, 405.0, -50.0, 408.0, 35]
[80, -90, 35, 15, 0, 0, 0, -23.0, -587.0, 48.0, 23.0, 405.0, -48.0, 408.0, 35]
[80, -90, 40, 15, 0, 0, 0, -27.0, -587.0, 46.0, 27.0, 405.0, -46.0, 408.0, 35]
[85, 0, -40, 15, 0, 0, 0, 407.0, -148.0, 5.0, -407.0, -34.0, -5.0, 408.0, 35]
[85, 0, 40, 15, 0, 0, 0, 407.0, -216.0, 5.0, -407.0, 34.0, -5.0, 408.0, 35]
[85, -10, 0, 15, 0, 0, 0, 402.0, -252.0, 18.0, -402.0, 70.0, -18.0, 408.0, 35]
[85, -30, 40, 15, 0, 0, 0, 336.0, -414.0, 12.0, -336.0, 232.0, -12.0, 408.0, 35]
[85, -30, 45, 15, 0, 0, 0, 334.0, -417.0, 9.0, -334.0, 235.0, -9.0, 408.0, 35]
[85, -45, -40, 15, 0, 0, 0, 313.0, -444.0, 14.0, -313.0, 262.0, -14.0, 408.0, 35]
[85, -45, 15, 15, 0, 0, 0, 280.0, -478.0, 27.0, -280.0, 296.0, -27.0, 408.0, 35]
[85, -45, 45, 15, 0, 0, 0, 262.0, -495.0, 15.0, -262.0, 313.0, -15.0, 408.0, 35]
[85, -55, -40, 15, 0, 0, 0, 263.0, -494.0, 18.0, -263.0, 312.0, -18.0, 408.0, 35]
[85, -55, -5, 15, 0, 0, 0, 240.0, -511.0, 32.0, -240.0, 329.0, -32.0, 408.0, 35]
[85, -60, 35, 15, 0, 0, 0, 179.0, -548.0, 28.0, -179.0, 366.0, -28.0, 408.0, 35]
[20, -90, 10, 15, 0, 0, 0, 46.0, -587.0, 27.0, -46.0, 405.0, -27.0, 408.0, 40]
[20, -90, 20, 15, 0, 0, 0, 41.0, -587.0, 34.0, -41.0, 405.0, -34.0, 408.0, 40]
[20, -90, 30, 15, 0, 0, 0, 34.0, -587.0, 41.0, -34.0, 405.0, -41.0, 408.0, 40]
[20, -90, 40, 15, 0, 0, 0, 27.0, -587.0, 46.0, -27.0, 405.0, -46.0, 408.0, 40]
[20, -90, 45, 15, 0, 0, 0, 23.0, -587.0, 48.0, -23.0, 405.0, -48.0, 408.0, 40]
[25, -5, -25, 15, 0, 0, 0, 215.0, -195.0, -347.0, -215.0, 13.0, 347.0, 408.0, 40]
[25, -5, 20, 15, 0, 0, 0, 215.0, -236.0, -343.0, -215.0, 54.0, 343.0, 408.0, 40]
[25, -10, -15, 15, 0, 0, 0, 216.0, -239.0, -342.0, -216.0, 57.0, 342.0, 408.0, 40]
[25, -15, 5, 15, 0, 0, 0, 213.0, -291.0, -331.0, -213.0, 109.0, 331.0, 408.0, 40]
[25, -20, 5, 15, 0, 0, 0, 208.0, -325.0, -321.0, -208.0, 143.0, 321.0, 408.0, 40]
[25, -20, 10, 15, 0, 0, 0, 207.0, -329.0, -320.0, -207.0, 147.0, 320.0, 408.0, 40]
[25, -20, 35, 15, 0, 0, 0, 196.0, -349.0, -317.0, -196.0, 167.0, 317.0, 408.0, 40]
[25, -25, -5, 15, 0, 0, 0, 204.0, -349.0, -312.0, -204.0, 167.0, 312.0, 408.0, 40]
[25, -30, 40, 15, 0, 0, 0, 178.0, -414.0, -285.0, -178.0, 232.0, 285.0, 408.0, 40]
[25, -35, -15, 15, 0, 0, 0, 190.0, -403.0, -286.0, -190.0, 221.0, 286.0, 408.0, 40]
[25, -35, 5, 15, 0, 0, 0, 187.0, -418.0, -276.0, -187.0, 236.0, 276.0, 408.0, 40]
[25, -35, 45, 15, 0, 0, 0, 165.0, -445.0, -265.0, -165.0, 263.0, 265.0, 408.0, 40]
[25, -55, 30, 15, 0, 0, 0, 131.0, -529.0, -171.0, -131.0, 347.0, 171.0, 408.0, 40]
[25, -60, 30, 15, 0, 0, 0, 118.0, -546.0, -143.0, -118.0, 364.0, 143.0, 408.0, 40]
[85, -65, 0, 15, 0, 0, 0, 175.0, -549.0, 38.0, -175.0, 367.0, -38.0, 408.0, 40]
[85, -65, 5, 15, 0, 0, 0, 171.0, -551.0, 38.0, -171.0, 369.0, -38.0, 408.0, 40]
[85, -70, -25, 15, 0, 0, 0, 163.0, -555.0, 34.0, -163.0, 373.0, -34.0, 408.0, 40]
[85, -70, -5, 15, 0, 0, 0, 147.0, -561.0, 40.0, -147.0, 379.0, -40.0, 408.0, 40]
[85, -70, 35, 15, 0, 0, 0, 113.0, -573.0, 34.0, -113.0, 391.0, -34.0, 408.0, 40]
[85, -75, 20, 15, 0, 0, 0, 91.0, -578.0, 42.0, -91.0, 396.0, -42.0, 408.0, 40]
[85, -75, 25, 15, 0, 0, 0, 87.0, -579.0, 41.0, -87.0, 397.0, -41.0, 408.0, 40]
[85, -80, -25, 15, 0, 0, 0, 96.0, -577.0, 40.0, -96.0, 395.0, -40.0, 408.0, 40]
[85, -90, -45, 15, 0, 0, 0, 41.0, -587.0, 34.0, -41.0, 405.0, -34.0, 408.0, 40]
[85, -90, -35, 15, 0, 0, 0, 34.0, -587.0, 41.0, -34.0, 405.0, -41.0, 408.0, 40]
[85, -90, -25, 15, 0, 0, 0, 27.0, -587.0, 46.0, -27.0, 405.0, -46.0, 408.0, 40]
[85, -90, -20, 15, 0, 0, 0, 23.0, -587.0, 48.0, -23.0, 405.0, -48.0, 408.0, 40]
[85, -90, -15, 15, 0, 0, 0, 18.0, -587.0, 50.0, -18.0, 405.0, -50.0, 408.0, 40]
[85, -90, 0, 15, 0, 0, 0, 5.0, -587.0, 53.0, -5.0, 405.0, -53.0, 408.0, 40]
[85, -90, 5, 15, 0, 0, 0, 0.0, -587.0, 53.0, 0.0, 405.0, -53.0, 408.0, 40]
[85, -90, 10, 15, 0, 0, 0, -5.0, -587.0, 53.0, 5.0, 405.0, -53.0, 408.0, 40]
[85, -90, 25, 15, 0, 0, 0, -18.0, -587.0, 50.0, 18.0, 405.0, -50.0, 408.0, 40]
[85, -90, 30, 15, 0, 0, 0, -23.0, -587.0, 48.0, 23.0, 405.0, -48.0, 408.0, 40]
[85, -90, 35, 15, 0, 0, 0, -27.0, -587.0, 46.0, 27.0, 405.0, -46.0, 408.0, 40]
[25, -60, 35, 15, 0, 0, 0, 114.0, -548.0, -141.0, -114.0, 366.0, 141.0, 408.0, 45]
[25, -65, 45, 15, 0, 0, 0, 92.0, -565.0, -108.0, -92.0, 383.0, 108.0, 408.0, 45]
[25, -70, -25, 15, 0, 0, 0, 111.0, -555.0, -124.0, -111.0, 373.0, 124.0, 408.0, 45]
[25, -70, 35, 15, 0, 0, 0, 86.0, -573.0, -81.0, -86.0, 391.0, 81.0, 408.0, 45]
[25, -75, -5, 15, 0, 0, 0, 94.0, -572.0, -77.0, -94.0, 390.0, 77.0, 408.0, 45]
[25, -90, -45, 15, 0, 0, 0, 50.0, -587.0, -18.0, -50.0, 405.0, 18.0, 408.0, 45]
[25, -90, -40, 15, 0, 0, 0, 51.0, -587.0, -14.0, -51.0, 405.0, 14.0, 408.0, 45]
[25, -90, -30, 15, 0, 0, 0, 53.0, -587.0, -5.0, -53.0, 405.0, 5.0, 408.0, 45]
[25, -90, -25, 15, 0, 0, 0, 53.0, -587.0, 0.0, -53.0, 405.0, 0.0, 408.0, 45]
[25, -90, -20, 15, 0, 0, 0, 53.0, -587.0, 5.0, -53.0, 405.0, -5.0, 408.0, 45]
[25, -90, -5, 15, 0, 0, 0, 50.0, -587.0, 18.0, -50.0, 405.0, -18.0, 408.0, 45]
[25, -90, 0, 15, 0, 0, 0, 48.0, -587.0, 23.0, -48.0, 405.0, -23.0, 408.0, 45]
[25, -90, 5, 15, 0, 0, 0, 46.0, -587.0, 27.0, -46.0, 405.0, -27.0, 408.0, 45]
[25, -90, 15, 15, 0, 0, 0, 41.0, -587.0, 34.0, -41.0, 405.0, -34.0, 408.0, 45]
[25, -90, 25, 15, 0, 0, 0, 34.0, -587.0, 41.0, -34.0, 405.0, -41.0, 408.0, 45]
[25, -90, 35, 15, 0, 0, 0, 27.0, -587.0, 46.0, -27.0, 405.0, -46.0, 408.0, 45]
[25, -90, 40, 15, 0, 0, 0, 23.0, -587.0, 48.0, -23.0, 405.0, -48.0, 408.0, 45]
[25, -90, 45, 15, 0, 0, 0, 18.0, -587.0, 50.0, -18.0, 405.0, -50.0, 408.0, 45]
[30, 0, -15, 15, 0, 0, 0, 247.0, -168.0, -325.0, -247.0, -14.0, 325.0, 408.0, 45]
[85, -90, 45, 15, 0, 0, 0, -34.0, -587.0, 41.0, 34.0, 405.0, -41.0, 408.0, 45]
[90, 0, -40, 15, 0, 0, 0, 405.0, -148.0, 41.0, -405.0, -34.0, -41.0, 408.0, 45]
[90, 0, -30, 15, 0, 0, 0, 405.0, -155.0, 46.0, -405.0, -27.0, -46.0, 408.0, 45]
[90, 0, -25, 15, 0, 0, 0, 405.0, -159.0, 48.0, -405.0, -23.0, -48.0, 408.0, 45]
[90, 0, -20, 15, 0, 0, 0, 405.0, -164.0, 50.0, -405.0, -18.0, -50.0, 408.0, 45]
[90, 0, -15, 15, 0, 0, 0, 405.0, -168.0, 51.0, -405.0, -14.0, -51.0, 408.0, 45]
[90, 0, -5, 15, 0, 0, 0, 405.0, -177.0, 53.0, -405.0, -5.0, -53.0, 408.0, 45]
[90, 0, 0, 15, 0, 0, 0, 405.0, -182.0, 53.0, -405.0, 0.0, -53.0, 408.0, 45]
[90, 0, 5, 15, 0, 0, 0, 405.0, -187.0, 53.0, -405.0, 5.0, -53.0, 408.0, 45]
[90, 0, 15, 15, 0, 0, 0, 405.0, -196.0, 51.0, -405.0, 14.0, -51.0, 408.0, 45]
[90, 0, 20, 15, 0, 0, 0, 405.0, -200.0, 50.0, -405.0, 18.0, -50.0, 408.0, 45]
[90, 0, 25, 15, 0, 0, 0, 405.0, -205.0, 48.0, -405.0, 23.0, -48.0, 408.0, 45]
[90, 0, 30, 15, 0, 0, 0, 405.0, -209.0, 46.0, -405.0, 27.0, -46.0, 408.0, 45]
[90, 0, 40, 15, 0, 0, 0, 405.0, -216.0, 41.0, -405.0, 34.0, -41.0, 408.0, 45]
[90, -10, -20, 15, 0, 0, 0, 402.0, -234.0, 50.0, -402.0, 52.0, -50.0, 408.0, 45]
[90, -15, -25, 15, 0, 0, 0, 397.0, -265.0, 48.0, -397.0, 83.0, -48.0, 408.0, 45]
[90, -15, 5, 15, 0, 0, 0, 390.0, -291.0, 53.0, -390.0, 109.0, -53.0, 408.0, 45]
[90, -25, -5, 15, 0, 0, 0, 369.0, -349.0, 53.0, -369.0, 167.0, -53.0, 408.0, 45]
[90, -25, 0, 15, 0, 0, 0, 367.0, -353.0, 53.0, -367.0, 171.0, -53.0, 408.0, 45]
[30, 0, 15, 15, 0, 0, 0, 247.0, -196.0, -325.0, -247.0, 14.0, 325.0, 408.0, 50]
[30, -25, -40, 15, 0, 0, 0, 226.0, -322.0, -310.0, -226.0, 140.0, 310.0, 408.0, 50]
[30, -25, 15, 15, 0, 0, 0, 225.0, -366.0, -287.0, -225.0, 184.0, 287.0, 408.0, 50]
[30, -35, 30, 15, 0, 0, 0, 198.0, -436.0, -251.0, -198.0, 254.0, 251.0, 408.0, 50]
[30, -40, -25, 15, 0, 0, 0, 204.0, -425.0, -257.0, -204.0, 243.0, 257.0, 408.0, 50]
[30, -55, -5, 15, 0, 0, 0, 164.0, -511.0, -178.0, -164.0, 329.0, 178.0, 408.0, 50]
[30, -55, 30, 15, 0, 0, 0, 145.0, -529.0, -159.0, -145.0, 347.0, 159.0, 408.0, 50]
[30, -60, 30, 15, 0, 0, 0, 130.0, -546.0, -132.0, -130.0, 364.0, 132.0, 408.0, 50]
[30, -70, 35, 15, 0, 0, 0, 93.0, -573.0, -73.0, -93.0, 391.0, 73.0, 408.0, 50]
[30, -75, 25, 15, 0, 0, 0, 83.0, -579.0, -48.0, -83.0, 397.0, 48.0, 408.0, 50]
[30, -90, -45, 15, 0, 0, 0, 51.0, -587.0, -14.0, -51.0, 405.0, 14.0, 408.0, 50]
[30, -90, -35, 15, 0, 0, 0, 53.0, -587.0, -5.0, -53.0, 405.0, 5.0, 408.0, 50]
[30, -90, -30, 15, 0, 0, 0, 53.0, -587.0, 0.0, -53.0, 405.0, 0.0, 408.0, 50]
[30, -90, -25, 15, 0, 0, 0, 53.0, -587.0, 5.0, -53.0, 405.0, -5.0, 408.0, 50]
[30, -90, -10, 15, 0, 0, 0, 50.0, -587.0, 18.0, -50.0, 405.0, -18.0, 408.0, 50]
[30, -90, -5, 15, 0, 0, 0, 48.0, -587.0, 23.0, -48.0, 405.0, -23.0, 408.0, 50]
[30, -90, 0, 15, 0, 0, 0, 46.0, -587.0, 27.0, -46.0, 405.0, -27.0, 408.0, 50]
[30, -90, 10, 15, 0, 0, 0, 41.0, -587.0, 34.0, -41.0, 405.0, -34.0, 408.0, 50]
[30, -90, 20, 15, 0, 0, 0, 34.0, -587.0, 41.0, -34.0, 405.0, -41.0, 408.0, 50]
[90, -30, -35, 15, 0, 0, 0, 366.0, -358.0, 44.0, -366.0, 176.0, -44.0, 408.0, 50]
[90, -30, -25, 15, 0, 0, 0, 362.0, -365.0, 48.0, -362.0, 183.0, -48.0, 408.0, 50]
[90, -35, 5, 15, 0, 0, 0, 329.0, -418.0, 53.0, -329.0, 236.0, -53.0, 408.0, 50]
[90, -40, -15, 15, 0, 0, 0, 319.0, -432.0, 51.0, -319.0, 250.0, -51.0, 408.0, 50]
[90, -55, -5, 15, 0, 0, 0, 236.0, -511.0, 53.0, -236.0, 329.0, -53.0, 408.0, 50]
[90, -60, 25, 15, 0, 0, 0, 183.0, -544.0, 48.0, -183.0, 362.0, -48.0, 408.0, 50]
[90, -60, 35, 15, 0, 0, 0, 176.0, -548.0, 44.0, -176.0, 366.0, -44.0, 408.0, 50]
[90, -65, 0, 15, 0, 0, 0, 171.0, -549.0, 53.0, -171.0, 367.0, -53.0, 408.0, 50]
[90, -65, 5, 15, 0, 0, 0, 167.0, -551.0, 53.0, -167.0, 369.0, -53.0, 408.0, 50]
[90, -75, -5, 15, 0, 0, 0, 109.0, -572.0, 53.0, -109.0, 390.0, -53.0, 408.0, 50]
[90, -75, 25, 15, 0, 0, 0, 83.0, -579.0, 48.0, -83.0, 397.0, -48.0, 408.0, 50]
[90, -80, 20, 15, 0, 0, 0, 52.0, -584.0, 50.0, -52.0, 402.0, -50.0, 408.0, 50]
[90, -90, -40, 15, 0, 0, 0, 34.0, -587.0, 41.0, -34.0, 405.0, -41.0, 408.0, 50]
[90, -90, -30, 15, 0, 0, 0, 27.0, -587.0, 46.0, -27.0, 405.0, -46.0, 408.0, 50]
[90, -90, -25, 15, 0, 0, 0, 23.0, -587.0, 48.0, -23.0, 405.0, -48.0, 408.0, 50]
[90, -90, -20, 15, 0, 0, 0, 18.0, -587.0, 50.0, -18.0, 405.0, -50.0, 408.0, 50]
[90, -90, -5, 15, 0, 0, 0, 5.0, -587.0, 53.0, -5.0, 405.0, -53.0, 408.0, 50]
[90, -90, 0, 15, 0, 0, 0, 0.0, -587.0, 53.0, 0.0, 405.0, -53.0, 408.0, 50]
[90, -90, 5, 15, 0, 0, 0, -5.0, -587.0, 53.0, 5.0, 405.0, -53.0, 408.0, 50]
[30, -90, 30, 15, 0, 0, 0, 27.0, -587.0, 46.0, -27.0, 405.0, -46.0, 408.0, 55]
[30, -90, 35, 15, 0, 0, 0, 23.0, -587.0, 48.0, -23.0, 405.0, -48.0, 408.0, 55]
[30, -90, 40, 15, 0, 0, 0, 18.0, -587.0, 50.0, -18.0, 405.0, -50.0, 408.0, 55]
[35, -5, 0, 15, 0, 0, 0, 275.0, -217.0, -300.0, -275.0, 35.0, 300.0, 408.0, 55]
[35, -5, 30, 15, 0, 0, 0, 268.0, -244.0, -302.0, -268.0, 62.0, 302.0, 408.0, 55]
[35, -15, 5, 15, 0, 0, 0, 267.0, -291.0, -289.0, -267.0, 109.0, 289.0, 408.0, 55]
[35, -20, -15, 15, 0, 0, 0, 263.0, -308.0, -286.0, -263.0, 126.0, 286.0, 408.0, 55]
[35, -25, 0, 15, 0, 0, 0, 254.0, -353.0, -270.0, -254.0, 171.0, 270.0, 408.0, 55]
[35, -30, -25, 15, 0, 0, 0, 247.0, -365.0, -269.0, -247.0, 183.0, 269.0, 408.0, 55]
[35, -35, 5, 15, 0, 0, 0, 232.0, -418.0, -239.0, -232.0, 236.0, 239.0, 408.0, 55]
[35, -40, -35, 15, 0, 0, 0, 225.0, -419.0, -245.0, -225.0, 237.0, 245.0, 408.0, 55]
[35, -40, -5, 15, 0, 0, 0, 223.0, -439.0, -226.0, -223.0, 257.0, 226.0, 408.0, 55]
[35, -45, 15, 15, 0, 0, 0, 201.0, -478.0, -197.0, -201.0, 296.0, 197.0, 408.0, 55]
[35, -45, 45, 15, 0, 0, 0, 180.0, -495.0, -191.0, -180.0, 313.0, 191.0, 408.0, 55]
[35, -55, -5, 15, 0, 0, 0, 179.0, -511.0, -163.0, -179.0, 329.0, 163.0, 408.0, 55]
[35, -55, 10, 15, 0, 0, 0, 172.0, -519.0, -154.0, -172.0, 337.0, 154.0, 408.0, 55]
[35, -60, 5, 15, 0, 0, 0, 157.0, -535.0, -132.0, -157.0, 353.0, 132.0, 408.0, 55]
[35, -65, 5, 15, 0, 0, 0, 139.0, -551.0, -106.0, -139.0, 369.0, 106.0, 408.0, 55]
[35, -65, 10, 15, 0, 0, 0, 136.0, -553.0, -103.0, -136.0, 371.0, 103.0, 408.0, 55]
[90, -90, 20, 15, 0, 0, 0, -18.0, -587.0, 50.0, 18.0, 405.0, -50.0, 408.0, 55]
[90, -90, 25, 15, 0, 0, 0, -23.0, -587.0, 48.0, 23.0, 405.0, -48.0, 408.0, 55]
[90, -90, 30, 15, 0, 0, 0, -27.0, -587.0, 46.0, 27.0, 405.0, -46.0, 408.0, 55]
[90, -90, 40, 15, 0, 0, 0, -34.0, -587.0, 41.0, 34.0, 405.0, -41.0, 408.0, 55]
[95, -10, -25, 15, 0, 0, 0, 397.0, -230.0, 83.0, -397.0, 48.0, -83.0, 408.0, 55]
[95, -15, 35, 15, 0, 0, 0, 378.0, -316.0, 77.0, -378.0, 134.0, -77.0, 408.0, 55]
[95, -25, 0, 15, 0, 0, 0, 361.0, -353.0, 85.0, -361.0, 171.0, -85.0, 408.0, 55]
[95, -45, -5, 15, 0, 0, 0, 284.0, -465.0, 78.0, -284.0, 283.0, -78.0, 408.0, 55]
[95, -45, 15, 15, 0, 0, 0, 271.0, -478.0, 75.0, -271.0, 296.0, -75.0, 408.0, 55]
[95, -50, 20, 15, 0, 0, 0, 241.0, -504.0, 71.0, -241.0, 322.0, -71.0, 408.0, 55]
[95, -55, -40, 15, 0, 0, 0, 256.0, -494.0, 63.0, -256.0, 312.0, -63.0, 408.0, 55]
[95, -60, 5, 15, 0, 0, 0, 193.0, -535.0, 70.0, -193.0, 353.0, -70.0, 408.0, 55]
[95, -60, 25, 15, 0, 0, 0, 178.0, -544.0, 64.0, -178.0, 362.0, -64.0, 408.0, 55]
[95, -65, 0, 15, 0, 0, 0, 166.0, -549.0, 68.0, -166.0, 367.0, -68.0, 408.0, 55]
[95, -65, 35, 15, 0, 0, 0, 139.0, -562.0, 56.0, -139.0, 380.0, -56.0, 408.0, 55]
[95, -75, -5, 15, 0, 0, 0, 104.0, -572.0, 62.0, -104.0, 390.0, -62.0, 408.0, 55]
[95, -80, 20, 15, 0, 0, 0, 48.0, -584.0, 54.0, -48.0, 402.0, -54.0, 408.0, 55]
[95, -90, -45, 15, 0, 0, 0, 34.0, -587.0, 41.0, -34.0, 405.0, -41.0, 408.0, 55]
[95, -90, -35, 15, 0, 0, 0, 27.0, -587.0, 46.0, -27.0, 405.0, -46.0, 408.0, 55]
[35, -75, -5, 15, 0, 0, 0, 106.0, -572.0, -59.0, -106.0, 390.0, 59.0, 408.0, 60]
[35, -75, 25, 15, 0, 0, 0, 87.0, -579.0, -40.0, -87.0, 397.0, 40.0, 408.0, 60]
[35, -80, 20, 15, 0, 0, 0, 71.0, -584.0, -14.0, -71.0, 402.0, 14.0, 408.0, 60]
[35, -90, -40, 15, 0, 0, 0, 53.0, -587.0, -5.0, -53.0, 405.0, 5.0, 408.0, 60]
[35, -90, -35, 15, 0, 0, 0, 53.0, -587.0, 0.0, -53.0, 405.0, 0.0, 408.0, 60]
[35, -90, -30, 15, 0, 0, 0, 53.0, -587.0, 5.0, -53.0, 405.0, -5.0, 408.0, 60]
[35, -90, -20, 15, 0, 0, 0, 51.0, -587.0, 14.0, -51.0, 405.0, -14.0, 408.0, 60]
[35, -90, -15, 15, 0, 0, 0, 50.0, -587.0, 18.0, -50.0, 405.0, -18.0, 408.0, 60]
[35, -90, -10, 15, 0, 0, 0, 48.0, -587.0, 23.0, -48.0, 405.0, -23.0, 408.0, 60]
[35, -90, -5, 15, 0, 0, 0, 46.0, -587.0, 27.0, -46.0, 405.0, -27.0, 408.0, 60]
[35, -90, 5, 15, 0, 0, 0, 41.0, -587.0, 34.0, -41.0, 405.0, -34.0, 408.0, 60]
[35, -90, 15, 15, 0, 0, 0, 34.0, -587.0, 41.0, -34.0, 405.0, -41.0, 408.0, 60]
[35, -90, 25, 15, 0, 0, 0, 27.0, -587.0, 46.0, -27.0, 405.0, -46.0, 408.0, 60]
[35, -90, 30, 15, 0, 0, 0, 23.0, -587.0, 48.0, -23.0, 405.0, -48.0, 408.0, 60]
[35, -90, 35, 15, 0, 0, 0, 18.0, -587.0, 50.0, -18.0, 405.0, -50.0, 408.0, 60]
[40, 0, -5, 15, 0, 0, 0, 301.0, -177.0, -276.0, -301.0, -5.0, 276.0, 408.0, 60]
[40, 0, 0, 15, 0, 0, 0, 301.0, -182.0, -276.0, -301.0, 0.0, 276.0, 408.0, 60]
[40, 0, 5, 15, 0, 0, 0, 301.0, -187.0, -276.0, -301.0, 5.0, 276.0, 408.0, 60]
[40, -5, -10, 15, 0, 0, 0, 300.0, -208.0, -276.0, -300.0, 26.0, 276.0, 408.0, 60]
[95, -90, -30, 15, 0, 0, 0, 23.0, -587.0, 48.0, -23.0, 405.0, -48.0, 408.0, 60]
[95, -90, -25, 15, 0, 0, 0, 18.0, -587.0, 50.0, -18.0, 405.0, -50.0, 408.0, 60]
[95, -90, -10, 15, 0, 0, 0, 5.0, -587.0, 53.0, -5.0, 405.0, -53.0, 408.0, 60]
[95, -90, -5, 15, 0, 0, 0, 0.0, -587.0, 53.0, 0.0, 405.0, -53.0, 408.0, 60]
[95, -90, 0, 15, 0, 0, 0, -5.0, -587.0, 53.0, 5.0, 405.0, -53.0, 408.0, 60]
[95, -90, 15, 15, 0, 0, 0, -18.0, -587.0, 50.0, 18.0, 405.0, -50.0, 408.0, 60]
[95, -90, 20, 15, 0, 0, 0, -23.0, -587.0, 48.0, 23.0, 405.0, -48.0, 408.0, 60]
[95, -90, 25, 15, 0, 0, 0, -27.0, -587.0, 46.0, 27.0, 405.0, -46.0, 408.0, 60]
[95, -90, 35, 15, 0, 0, 0, -34.0, -587.0, 41.0, 34.0, 405.0, -41.0, 408.0, 60]
[95, -90, 45, 15, 0, 0, 0, -41.0, -587.0, 34.0, 41.0, 405.0, -34.0, 408.0, 60]
[100, -5, 25, 15, 0, 0, 0, 387.0, -240.0, 117.0, -387.0, 58.0, -117.0, 408.0, 60]
[100, -5, 30, 15, 0, 0, 0, 387.0, -244.0, 115.0, -387.0, 62.0, -115.0, 408.0, 60]
[100, -10, 20, 15, 0, 0, 0, 381.0, -270.0, 118.0, -381.0, 88.0, -118.0, 408.0, 60]
[100, -20, 5, 15, 0, 0, 0, 364.0, -325.0, 118.0, -364.0, 143.0, -118.0, 408.0, 60]
[100, -20, 35, 15, 0, 0, 0, 357.0, -349.0, 107.0, -357.0, 167.0, -107.0, 408.0, 60]
[100, -35, 45, 15, 0, 0, 0, 299.0, -445.0, 91.0, -299.0, 263.0, -91.0, 408.0, 60]
[100, -40, -40, 15, 0, 0, 0, 320.0, -416.0, 98.0, -320.0, 234.0, -98.0, 408.0, 60]
[100, -45, 35, 15, 0, 0, 0, 253.0, -490.0, 89.0, -253.0, 308.0, -89.0, 408.0, 60]
[100, -50, 15, 15, 0, 0, 0, 237.0, -501.0, 94.0, -237.0, 319.0, -94.0, 408.0, 60]
[40, -5, 0, 15, 0, 0, 0, 300.0, -217.0, -275.0, -300.0, 35.0, 275.0, 408.0, 65]
[40, -5, 15, 15, 0, 0, 0, 298.0, -231.0, -275.0, -298.0, 49.0, 275.0, 408.0, 65]
[40, -15, -20, 15, 0, 0, 0, 293.0, -269.0, -271.0, -293.0, 87.0, 271.0, 408.0, 65]
[40, -15, 10, 15, 0, 0, 0, 290.0, -296.0, -264.0, -290.0, 114.0, 264.0, 408.0, 65]
[40, -15, 45, 15, 0, 0, 0, 274.0, -323.0, -268.0, -274.0, 141.0, 268.0, 408.0, 65]
[40, -25, -45, 15, 0, 0, 0, 275.0, -319.0, -269.0, -275.0, 137.0, 269.0, 408.0, 65]
[40, -30, 25, 15, 0, 0, 0, 255.0, -404.0, -229.0, -255.0, 222.0, 229.0, 408.0, 65]
[40, -30, 45, 15, 0, 0, 0, 242.0, -417.0, -230.0, -242.0, 235.0, 230.0, 408.0, 65]
[40, -35, 5, 15, 0, 0, 0, 252.0, -418.0, -218.0, -252.0, 236.0, 218.0, 408.0, 65]
[40, -45, 15, 15, 0, 0, 0, 217.0, -478.0, -179.0, -217.0, 296.0, 179.0, 408.0, 65]
[40, -50, 15, 15, 0, 0, 0, 200.0, -501.0, -158.0, -200.0, 319.0, 158.0, 408.0, 65]
[40, -60, -15, 15, 0, 0, 0, 177.0, -526.0, -131.0, -177.0, 344.0, 131.0, 408.0, 65]
[40, -60, 5, 15, 0, 0, 0, 168.0, -535.0, -118.0, -168.0, 353.0, 118.0, 408.0, 65]
[40, -70, 35, 15, 0, 0, 0, 104.0, -573.0, -56.0, -104.0, 391.0, 56.0, 408.0, 65]
[40, -75, 25, 15, 0, 0, 0, 90.0, -579.0, -33.0, -90.0, 397.0, 33.0, 408.0, 65]
[40, -80, 20, 15, 0, 0, 0, 72.0, -584.0, -8.0, -72.0, 402.0, 8.0, 408.0, 65]
[40, -90, -45, 15, 0, 0, 0, 53.0, -587.0, -5.0, -53.0, 405.0, 5.0, 408.0, 65]
[40, -90, -40, 15, 0, 0, 0, 53.0, -587.0, 0.0, -53.0, 405.0, 0.0, 408.0, 65]
[40, -90, -35, 15, 0, 0, 0, 53.0, -587.0, 5.0, -53.0, 405.0, -5.0, 408.0, 65]
[100, -55, 10, 15, 0, 0, 0, 212.0, -519.0, 91.0, -212.0, 337.0, -91.0, 408.0, 65]
[100, -60, 5, 15, 0, 0, 0, 186.0, -535.0, 87.0, -186.0, 353.0, -87.0, 408.0, 65]
[100, -60, 25, 15, 0, 0, 0, 172.0, -544.0, 79.0, -172.0, 362.0, -79.0, 408.0, 65]
[100, -65, 5, 15, 0, 0, 0, 155.0, -551.0, 81.0, -155.0, 369.0, -81.0, 408.0, 65]
[100, -65, 10, 15, 0, 0, 0, 151.0, -553.0, 80.0, -151.0, 371.0, -80.0, 408.0, 65]
[100, -80, -40, 15, 0, 0, 0, 95.0, -575.0, 58.0, -95.0, 393.0, -58.0, 408.0, 65]
[100, -80, 20, 15, 0, 0, 0, 43.0, -584.0, 58.0, -43.0, 402.0, -58.0, 408.0, 65]
[100, -90, -40, 15, 0, 0, 0, 27.0, -587.0, 46.0, -27.0, 405.0, -46.0, 408.0, 65]
[100, -90, -35, 15, 0, 0, 0, 23.0, -587.0, 48.0, -23.0, 405.0, -48.0, 408.0, 65]
[100, -90, -30, 15, 0, 0, 0, 18.0, -587.0, 50.0, -18.0, 405.0, -50.0, 408.0, 65]
[100, -90, -15, 15, 0, 0, 0, 5.0, -587.0, 53.0, -5.0, 405.0, -53.0, 408.0, 65]
[100, -90, -10, 15, 0, 0, 0, -0.0, -587.0, 53.0, 0.0, 405.0, -53.0, 408.0, 65]
[100, -90, -5, 15, 0, 0, 0, -5.0, -587.0, 53.0, 5.0, 405.0, -53.0, 408.0, 65]
[100, -90, 10, 15, 0, 0, 0, -18.0, -587.0, 50.0, 18.0, 405.0, -50.0, 408.0, 65]
[100, -90, 15, 15, 0, 0, 0, -23.0, -587.0, 48.0, 23.0, 405.0, -48.0, 408.0, 65]
[100, -90, 20, 15, 0, 0, 0, -27.0, -587.0, 46.0, 27.0, 405.0, -46.0, 408.0, 65]
[100, -90, 30, 15, 0, 0, 0, -34.0, -587.0, 41.0, 34.0, 405.0, -41.0, 408.0, 65]
[100, -90, 40, 15, 0, 0, 0, -41.0, -587.0, 34.0, 41.0, 405.0, -34.0, 408.0, 65]
[105, -5, -35, 15, 0, 0, 0, 381.0, -187.0, 147.0, -381.0, 5.0, -147.0, 408.0, 65]
[40, -90, -20, 15, 0, 0, 0, 50.0, -587.0, 18.0, -50.0, 405.0, -18.0, 408.0, 70]
[40, -90, -15, 15, 0, 0, 0, 48.0, -587.0, 23.0, -48.0, 405.0, -23.0, 408.0, 70]
[40, -90, -10, 15, 0, 0, 0, 46.0, -587.0, 27.0, -46.0, 405.0, -27.0, 408.0, 70]
[40, -90, 0, 15, 0, 0, 0, 41.0, -587.0, 34.0, -41.0, 405.0, -34.0, 408.0, 70]
[40, -90, 10, 15, 0, 0, 0, 34.0, -587.0, 41.0, -34.0, 405.0, -41.0, 408.0, 70]
[40, -90, 20, 15, 0, 0, 0, 27.0, -587.0, 46.0, -27.0, 405.0, -46.0, 408.0, 70]
[40, -90, 25, 15, 0, 0, 0, 23.0, -587.0, 48.0, -23.0, 405.0, -48.0, 408.0, 70]
[40, -90, 30, 15, 0, 0, 0, 18.0, -587.0, 50.0, -18.0, 405.0, -50.0, 408.0, 70]
[40, -90, 45, 15, 0, 0, 0, 5.0, -587.0, 53.0, -5.0, 405.0, -53.0, 408.0, 70]
[45, -5, -5, 15, 0, 0, 0, 323.0, -213.0, -248.0, -323.0, 31.0, 248.0, 408.0, 70]
[45, -10, -5, 15, 0, 0, 0, 320.0, -248.0, -245.0, -320.0, 66.0, 245.0, 408.0, 70]
[45, -15, -30, 15, 0, 0, 0, 314.0, -261.0, -249.0, -314.0, 79.0, 249.0, 408.0, 70]
[45, -15, -5, 15, 0, 0, 0, 315.0, -282.0, -240.0, -315.0, 100.0, 240.0, 408.0, 70]
[45, -15, 35, 15, 0, 0, 0, 302.0, -316.0, -240.0, -302.0, 134.0, 240.0, 408.0, 70]
[45, -25, -30, 15, 0, 0, 0, 300.0, -329.0, -235.0, -300.0, 147.0, 235.0, 408.0, 70]
[45, -40, -15, 15, 0, 0, 0, 262.0, -432.0, -189.0, -262.0, 250.0, 189.0, 408.0, 70]
[45, -45, -10, 15, 0, 0, 0, 244.0, -462.0, -170.0, -244.0, 280.0, 170.0, 408.0, 70]
[45, -45, 15, 15, 0, 0, 0, 232.0, -478.0, -159.0, -232.0, 296.0, 159.0, 408.0, 70]
[45, -50, -45, 15, 0, 0, 0, 231.0, -468.0, -178.0, -231.0, 286.0, 178.0, 408.0, 70]
[105, -5, -10, 15, 0, 0, 0, 377.0, -208.0, 155.0, -377.0, 26.0, -155.0, 408.0, 70]
[105, -10, 40, 15, 0, 0, 0, 369.0, -286.0, 141.0, -369.0, 104.0, -141.0, 408.0, 70]
[105, -15, 5, 15, 0, 0, 0, 363.0, -291.0, 152.0, -363.0, 109.0, -152.0, 408.0, 70]
[105, -15, 10, 15, 0, 0, 0, 362.0, -296.0, 151.0, -362.0, 114.0, -151.0, 408.0, 70]
[105, -25, -40, 15, 0, 0, 0, 358.0, -322.0, 138.0, -358.0, 140.0, -138.0, 408.0, 70]
[105, -25, 40, 15, 0, 0, 0, 330.0, -384.0, 131.0, -330.0, 202.0, -131.0, 408.0, 70]
[105, -30, 45, 15, 0, 0, 0, 311.0, -417.0, 122.0, -311.0, 235.0, -122.0, 408.0, 70]
[105, -45, -5, 15, 0, 0, 0, 266.0, -465.0, 126.0, -266.0, 283.0, -126.0, 408.0, 70]
[105, -45, 15, 15, 0, 0, 0, 254.0, -478.0, 121.0, -254.0, 296.0, -121.0, 408.0, 70]
[105, -45, 45, 15, 0, 0, 0, 241.0, -495.0, 104.0, -241.0, 313.0, -104.0, 408.0, 70]
[105, -50, 15, 15, 0, 0, 0, 228.0, -501.0, 114.0, -228.0, 319.0, -114.0, 408.0, 70]
[105, -50, 20, 15, 0, 0, 0, 225.0, -504.0, 112.0, -225.0, 322.0, -112.0, 408.0, 70]
[105, -60, 25, 15, 0, 0, 0, 164.0, -544.0, 94.0, -164.0, 362.0, -94.0, 408.0, 70]
[105, -65, 35, 15, 0, 0, 0, 127.0, -562.0, 79.0, -127.0, 380.0, -79.0, 408.0, 70]
[105, -70, -5, 15, 0, 0, 0, 124.0, -561.0, 88.0, -124.0, 379.0, -88.0, 408.0, 70]
[105, -75, 25, 15, 0, 0, 0, 68.0, -579.0, 68.0, -68.0, 397.0, -68.0, 408.0, 70]
[105, -75, 45, 15, 0, 0, 0, 56.0, -583.0, 54.0, -56.0, 401.0, -54.0, 408.0, 70]
[105, -90, -45, 15, 0, 0, 0, 27.0, -587.0, 46.0, -27.0, 405.0, -46.0, 408.0, 70]
[105, -90, -40, 15, 0, 0, 0, 23.0, -587.0, 48.0, -23.0, 405.0, -48.0, 408.0, 70]
[45, -50, -30, 15, 0, 0, 0, 231.0, -475.0, -166.0, -231.0, 293.0, 166.0, 408.0, 75]
[45, -50, 15, 15, 0, 0, 0, 213.0, -501.0, -140.0, -213.0, 319.0, 140.0, 408.0, 75]
[45, -55, -40, 15, 0, 0, 0, 213.0, -494.0, -155.0, -213.0, 312.0, 155.0, 408.0, 75]
[45, -55, 10, 15, 0, 0, 0, 196.0, -519.0, -122.0, -196.0, 337.0, 122.0, 408.0, 75]
[45, -65, 0, 15, 0, 0, 0, 159.0, -549.0, -83.0, -159.0, 367.0, 83.0, 408.0, 75]
[45, -65, 10, 15, 0, 0, 0, 152.0, -553.0, -78.0, -152.0, 371.0, 78.0, 408.0, 75]
[45, -65, 35, 15, 0, 0, 0, 132.0, -562.0, -71.0, -132.0, 380.0, 71.0, 408.0, 75]
[45, -90, -45, 15, 0, 0, 0, 53.0, -587.0, 0.0, -53.0, 405.0, 0.0, 408.0, 75]
[45, -90, -40, 15, 0, 0, 0, 53.0, -587.0, 5.0, -53.0, 405.0, -5.0, 408.0, 75]
[45, -90, -30, 15, 0, 0, 0, 51.0, -587.0, 14.0, -51.0, 405.0, -14.0, 408.0, 75]
[45, -90, -25, 15, 0, 0, 0, 50.0, -587.0, 18.0, -50.0, 405.0, -18.0, 408.0, 75]
[45, -90, -20, 15, 0, 0, 0, 48.0, -587.0, 23.0, -48.0, 405.0, -23.0, 408.0, 75]
[45, -90, -15, 15, 0, 0, 0, 46.0, -587.0, 27.0, -46.0, 405.0, -27.0, 408.0, 75]
[45, -90, -5, 15, 0, 0, 0, 41.0, -587.0, 34.0, -41.0, 405.0, -34.0, 408.0, 75]
[45, -90, 5, 15, 0, 0, 0, 34.0, -587.0, 41.0, -34.0, 405.0, -41.0, 408.0, 75]
[45, -90, 15, 15, 0, 0, 0, 27.0, -587.0, 46.0, -27.0, 405.0, -46.0, 408.0, 75]
[45, -90, 20, 15, 0, 0, 0, 23.0, -587.0, 48.0, -23.0, 405.0, -48.0, 408.0, 75]
[45, -90, 25, 15, 0, 0, 0, 18.0, -587.0, 50.0, -18.0, 405.0, -50.0, 408.0, 75]
[45, -90, 40, 15, 0, 0, 0, 5.0, -587.0, 53.0, -5.0, 405.0, -53.0, 408.0, 75]
[105, -90, -35, 15, 0, 0, 0, 18.0, -587.0, 50.0, -18.0, 405.0, -50.0, 408.0, 75]
[105, -90, -20, 15, 0, 0, 0, 5.0, -587.0, 53.0, -5.0, 405.0, -53.0, 408.0, 75]
[105, -90, -15, 15, 0, 0, 0, 0.0, -587.0, 53.0, 0.0, 405.0, -53.0, 408.0, 75]
[105, -90, -10, 15, 0, 0, 0, -5.0, -587.0, 53.0, 5.0, 405.0, -53.0, 408.0, 75]
[105, -90, 5, 15, 0, 0, 0, -18.0, -587.0, 50.0, 18.0, 405.0, -50.0, 408.0, 75]
[105, -90, 10, 15, 0, 0, 0, -23.0, -587.0, 48.0, 23.0, 405.0, -48.0, 408.0, 75]
[105, -90, 15, 15, 0, 0, 0, -27.0, -587.0, 46.0, 27.0, 405.0, -46.0, 408.0, 75]
[105, -90, 25, 15, 0, 0, 0, -34.0, -587.0, 41.0, 34.0, 405.0, -41.0, 408.0, 75]
[105, -90, 35, 15, 0, 0, 0, -41.0, -587.0, 34.0, 41.0, 405.0, -34.0, 408.0, 75]
[105, -90, 45, 15, 0, 0, 0, -46.0, -587.0, 27.0, 46.0, 405.0, -27.0, 408.0, 75]
[110, -10, -45, 15, 0, 0, 0, 368.0, -215.0, 174.0, -368.0, 33.0, -174.0, 408.0, 75]
[110, -10, -35, 15, 0, 0, 0, 365.0, -222.0, 179.0, -365.0, 40.0, -179.0, 408.0, 75]
[110, -10, -25, 15, 0, 0, 0, 362.0, -230.0, 183.0, -362.0, 48.0, -183.0, 408.0, 75]
[110, -15, -40, 15, 0, 0, 0, 362.0, -254.0, 175.0, -362.0, 72.0, -175.0, 408.0, 75]
[110, -30, -35, 15, 0, 0, 0, 329.0, -358.0, 166.0, -329.0, 176.0, -166.0, 408.0, 75]
[110, -30, 45, 15, 0, 0, 0, 299.0, -417.0, 149.0, -299.0, 235.0, -149.0, 408.0, 75]
[110, -45, -5, 15, 0, 0, 0, 254.0, -465.0, 149.0, -254.0, 283.0, -149.0, 408.0, 75]
[110, -45, 45, 15, 0, 0, 0, 231.0, -495.0, 124.0, -231.0, 313.0, -124.0, 408.0, 75]
[110, -50, -45, 15, 0, 0, 0, 259.0, -468.0, 134.0, -259.0, 286.0, -134.0, 408.0, 75]
[45, -90, 45, 15, 0, 0, 0, -0.0, -587.0, 53.0, 0.0, 405.0, -53.0, 408.0, 80]
[50, 0, -10, 15, 0, 0, 0, 344.0, -173.0, -220.0, -344.0, -9.0, 220.0, 408.0, 80]
[50, 0, 10, 15, 0, 0, 0, 344.0, -191.0, -220.0, -344.0, 9.0, 220.0, 408.0, 80]
[50, -5, 35, 15, 0, 0, 0, 335.0, -248.0, -224.0, -335.0, 66.0, 224.0, 408.0, 80]
[50, -5, 40, 15, 0, 0, 0, 333.0, -251.0, -226.0, -333.0, 69.0, 226.0, 408.0, 80]
[50, -10, 5, 15, 0, 0, 0, 339.0, -257.0, -215.0, -339.0, 75.0, 215.0, 408.0, 80]
[50, -10, 10, 15, 0, 0, 0, 338.0, -262.0, -215.0, -338.0, 80.0, 215.0, 408.0, 80]
[50, -15, 5, 15, 0, 0, 0, 333.0, -291.0, -210.0, -333.0, 109.0, 210.0, 408.0, 80]
[50, -30, -40, 15, 0, 0, 0, 308.0, -355.0, -205.0, -308.0, 173.0, 205.0, 408.0, 80]
[50, -30, 25, 15, 0, 0, 0, 291.0, -404.0, -181.0, -291.0, 222.0, 181.0, 408.0, 80]
[50, -30, 35, 15, 0, 0, 0, 285.0, -411.0, -182.0, -285.0, 229.0, 182.0, 408.0, 80]
[50, -30, 40, 15, 0, 0, 0, 282.0, -414.0, -183.0, -282.0, 232.0, 183.0, 408.0, 80]
[50, -35, 30, 15, 0, 0, 0, 272.0, -436.0, -168.0, -272.0, 254.0, 168.0, 408.0, 80]
[50, -45, -10, 15, 0, 0, 0, 258.0, -462.0, -148.0, -258.0, 280.0, 148.0, 408.0, 80]
[50, -45, 45, 15, 0, 0, 0, 223.0, -495.0, -138.0, -223.0, 313.0, 138.0, 408.0, 80]
[50, -55, -25, 15, 0, 0, 0, 223.0, -501.0, -124.0, -223.0, 319.0, 124.0, 408.0, 80]
[50, -55, -5, 15, 0, 0, 0, 215.0, -511.0, -111.0, -215.0, 329.0, 111.0, 408.0, 80]
[50, -55, 10, 15, 0, 0, 0, 206.0, -519.0, -104.0, -206.0, 337.0, 104.0, 408.0, 80]
[50, -60, 5, 15, 0, 0, 0, 186.0, -535.0, -87.0, -186.0, 353.0, 87.0, 408.0, 80]
[110, -50, 15, 15, 0, 0, 0, 217.0, -501.0, 134.0, -217.0, 319.0, -134.0, 408.0, 80]
[110, -55, 10, 15, 0, 0, 0, 193.0, -519.0, 126.0, -193.0, 337.0, -126.0, 408.0, 80]
[110, -55, 30, 15, 0, 0, 0, 182.0, -529.0, 115.0, -182.0, 347.0, -115.0, 408.0, 80]
[110, -65, 45, 15, 0, 0, 0, 116.0, -565.0, 82.0, -116.0, 383.0, -82.0, 408.0, 80]
[110, -70, 35, 15, 0, 0, 0, 88.0, -573.0, 79.0, -88.0, 391.0, -79.0, 408.0, 80]
[110, -80, -25, 15, 0, 0, 0, 70.0, -577.0, 77.0, -70.0, 395.0, -77.0, 408.0, 80]
[110, -80, 20, 15, 0, 0, 0, 32.0, -584.0, 65.0, -32.0, 402.0, -65.0, 408.0, 80]
[110, -90, -45, 15, 0, 0, 0, 23.0, -587.0, 48.0, -23.0, 405.0, -48.0, 408.0, 80]
[110, -90, -40, 15, 0, 0, 0, 18.0, -587.0, 50.0, -18.0, 405.0, -50.0, 408.0, 80]
[110, -90, -25, 15, 0, 0, 0, 5.0, -587.0, 53.0, -5.0, 405.0, -53.0, 408.0, 80]
[110, -90, -20, 15, 0, 0, 0, 0.0, -587.0, 53.0, 0.0, 405.0, -53.0, 408.0, 80]
[110, -90, -15, 15, 0, 0, 0, -5.0, -587.0, 53.0, 5.0, 405.0, -53.0, 408.0, 80]
[110, -90, 0, 15, 0, 0, 0, -18.0, -587.0, 50.0, 18.0, 405.0, -50.0, 408.0, 80]
[110, -90, 5, 15, 0, 0, 0, -23.0, -587.0, 48.0, 23.0, 405.0, -48.0, 408.0, 80]
[110, -90, 10, 15, 0, 0, 0, -27.0, -587.0, 46.0, 27.0, 405.0, -46.0, 408.0, 80]
[110, -90, 20, 15, 0, 0, 0, -34.0, -587.0, 41.0, 34.0, 405.0, -41.0, 408.0, 80]
[110, -90, 30, 15, 0, 0, 0, -41.0, -587.0, 34.0, 41.0, 405.0, -34.0, 408.0, 80]
[110, -90, 40, 15, 0, 0, 0, -46.0, -587.0, 27.0, 46.0, 405.0, -27.0, 408.0, 80]
[110, -90, 45, 15, 0, 0, 0, -48.0, -587.0, 23.0, 48.0, 405.0, -23.0, 408.0, 80]
[50, -60, 25, 15, 0, 0, 0, 171.0, -544.0, -81.0, -171.0, 362.0, 81.0, 408.0, 85]
[50, -60, 30, 15, 0, 0, 0, 167.0, -546.0, -80.0, -167.0, 364.0, 80.0, 408.0, 85]
[50, -65, 45, 15, 0, 0, 0, 129.0, -565.0, -59.0, -129.0, 383.0, 59.0, 408.0, 85]
[50, -70, 35, 15, 0, 0, 0, 112.0, -573.0, -37.0, -112.0, 391.0, 37.0, 408.0, 85]
[50, -80, 20, 15, 0, 0, 0, 72.0, -584.0, 5.0, -72.0, 402.0, -5.0, 408.0, 85]
[50, -90, -45, 15, 0, 0, 0, 53.0, -587.0, 5.0, -53.0, 405.0, -5.0, 408.0, 85]
[50, -90, -30, 15, 0, 0, 0, 50.0, -587.0, 18.0, -50.0, 405.0, -18.0, 408.0, 85]
[50, -90, -25, 15, 0, 0, 0, 48.0, -587.0, 23.0, -48.0, 405.0, -23.0, 408.0, 85]
[50, -90, -20, 15, 0, 0, 0, 46.0, -587.0, 27.0, -46.0, 405.0, -27.0, 408.0, 85]
[50, -90, -10, 15, 0, 0, 0, 41.0, -587.0, 34.0, -41.0, 405.0, -34.0, 408.0, 85]
[50, -90, 0, 15, 0, 0, 0, 34.0, -587.0, 41.0, -34.0, 405.0, -41.0, 408.0, 85]
[50, -90, 10, 15, 0, 0, 0, 27.0, -587.0, 46.0, -27.0, 405.0, -46.0, 408.0, 85]
[50, -90, 15, 15, 0, 0, 0, 23.0, -587.0, 48.0, -23.0, 405.0, -48.0, 408.0, 85]
[50, -90, 20, 15, 0, 0, 0, 18.0, -587.0, 50.0, -18.0, 405.0, -50.0, 408.0, 85]
[50, -90, 35, 15, 0, 0, 0, 5.0, -587.0, 53.0, -5.0, 405.0, -53.0, 408.0, 85]
[50, -90, 40, 15, 0, 0, 0, 0.0, -587.0, 53.0, 0.0, 405.0, -53.0, 408.0, 85]
[50, -90, 45, 15, 0, 0, 0, -5.0, -587.0, 53.0, 5.0, 405.0, -53.0, 408.0, 85]
[55, -15, -45, 15, 0, 0, 0, 350.0, -251.0, -199.0, -350.0, 69.0, 199.0, 408.0, 85]
[55, -15, -35, 15, 0, 0, 0, 352.0, -257.0, -193.0, -352.0, 75.0, 193.0, 408.0, 85]
[115, -5, -25, 15, 0, 0, 0, 347.0, -195.0, 215.0, -347.0, 13.0, -215.0, 408.0, 85]
[115, -5, 20, 15, 0, 0, 0, 343.0, -236.0, 215.0, -343.0, 54.0, -215.0, 408.0, 85]
[115, -10, -15, 15, 0, 0, 0, 342.0, -239.0, 216.0, -342.0, 57.0, -216.0, 408.0, 85]
[115, -15, 5, 15, 0, 0, 0, 331.0, -291.0, 213.0, -331.0, 109.0, -213.0, 408.0, 85]
[115, -20, 5, 15, 0, 0, 0, 321.0, -325.0, 208.0, -321.0, 143.0, -208.0, 408.0, 85]
[115, -20, 10, 15, 0, 0, 0, 320.0, -329.0, 207.0, -320.0, 147.0, -207.0, 408.0, 85]
[115, -20, 35, 15, 0, 0, 0, 317.0, -349.0, 196.0, -317.0, 167.0, -196.0, 408.0, 85]
[115, -25, -5, 15, 0, 0, 0, 312.0, -349.0, 204.0, -312.0, 167.0, -204.0, 408.0, 85]
[115, -30, 40, 15, 0, 0, 0, 285.0, -414.0, 178.0, -285.0, 232.0, -178.0, 408.0, 85]
[115, -35, -15, 15, 0, 0, 0, 286.0, -403.0, 190.0, -286.0, 221.0, -190.0, 408.0, 85]
[115, -35, 5, 15, 0, 0, 0, 276.0, -418.0, 187.0, -276.0, 236.0, -187.0, 408.0, 85]
[115, -35, 45, 15, 0, 0, 0, 265.0, -445.0, 165.0, -265.0, 263.0, -165.0, 408.0, 85]
[115, -55, 30, 15, 0, 0, 0, 171.0, -529.0, 131.0, -171.0, 347.0, -131.0, 408.0, 85]
[115, -60, 30, 15, 0, 0, 0, 143.0, -546.0, 118.0, -143.0, 364.0, -118.0, 408.0, 85]
[115, -60, 35, 15, 0, 0, 0, 141.0, -548.0, 114.0, -141.0, 366.0, -114.0, 408.0, 85]
[115, -65, 45, 15, 0, 0, 0, 108.0, -565.0, 92.0, -108.0, 383.0, -92.0, 408.0, 85]
[115, -70, -25, 15, 0, 0, 0, 124.0, -555.0, 111.0, -124.0, 373.0, -111.0, 408.0, 85]
[115, -70, 35, 15, 0, 0, 0, 81.0, -573.0, 86.0, -81.0, 391.0, -86.0, 408.0, 85]
[115, -75, -5, 15, 0, 0, 0, 77.0, -572.0, 94.0, -77.0, 390.0, -94.0, 408.0, 85]
[55, -15, -25, 15, 0, 0, 0, 353.0, -265.0, -188.0, -353.0, 83.0, 188.0, 408.0, 90]
[55, -15, -20, 15, 0, 0, 0, 353.0, -269.0, -186.0, -353.0, 87.0, 186.0, 408.0, 90]
[55, -15, 5, 15, 0, 0, 0, 350.0, -291.0, -180.0, -350.0, 109.0, 180.0, 408.0, 90]
[55, -15, 15, 15, 0, 0, 0, 347.0, -300.0, -180.0, -347.0, 118.0, 180.0, 408.0, 90]
[55, -15, 35, 15, 0, 0, 0, 339.0, -316.0, -184.0, -339.0, 134.0, 184.0, 408.0, 90]
[55, -15, 45, 15, 0, 0, 0, 334.0, -323.0, -188.0, -334.0, 141.0, 188.0, 408.0, 90]
[55, -35, -25, 15, 0, 0, 0, 310.0, -396.0, -158.0, -310.0, 214.0, 158.0, 408.0, 90]
[55, -35, 5, 15, 0, 0, 0, 300.0, -418.0, -145.0, -300.0, 236.0, 145.0, 408.0, 90]
[55, -45, 15, 15, 0, 0, 0, 256.0, -478.0, -117.0, -256.0, 296.0, 117.0, 408.0, 90]
[55, -50, 15, 15, 0, 0, 0, 234.0, -501.0, -101.0, -234.0, 319.0, 101.0, 408.0, 90]
[55, -50, 35, 15, 0, 0, 0, 219.0, -512.0, -100.0, -219.0, 330.0, 100.0, 408.0, 90]
[55, -55, -25, 15, 0, 0, 0, 233.0, -501.0, -104.0, -233.0, 319.0, 104.0, 408.0, 90]
[55, -55, 10, 15, 0, 0, 0, 214.0, -519.0, -86.0, -214.0, 337.0, 86.0, 408.0, 90]
[55, -60, -45, 15, 0, 0, 0, 214.0, -514.0, -104.0, -214.0, 332.0, 104.0, 408.0, 90]
[55, -60, 5, 15, 0, 0, 0, 193.0, -535.0, -70.0, -193.0, 353.0, 70.0, 408.0, 90]
[55, -60, 35, 15, 0, 0, 0, 169.0, -548.0, -65.0, -169.0, 366.0, 65.0, 408.0, 90]
[55, -65, 5, 15, 0, 0, 0, 167.0, -551.0, -52.0, -167.0, 369.0, 52.0, 408.0, 90]
[55, -70, 35, 15, 0, 0, 0, 115.0, -573.0, -27.0, -115.0, 391.0, 27.0, 408.0, 90]
[55, -75, -5, 15, 0, 0, 0, 120.0, -572.0, -19.0, -120.0, 390.0, 19.0, 408.0, 90]
[115, -90, -45, 15, 0, 0, 0, 18.0, -587.0, 50.0, -18.0, 405.0, -50.0, 408.0, 90]
[115, -90, -30, 15, 0, 0, 0, 5.0, -587.0, 53.0, -5.0, 405.0, -53.0, 408.0, 90]
[115, -90, -25, 15, 0, 0, 0, 0.0, -587.0, 53.0, 0.0, 405.0, -53.0, 408.0, 90]
[115, -90, -20, 15, 0, 0, 0, -5.0, -587.0, 53.0, 5.0, 405.0, -53.0, 408.0, 90]
[115, -90, -5, 15, 0, 0, 0, -18.0, -587.0, 50.0, 18.0, 405.0, -50.0, 408.0, 90]
[115, -90, 0, 15, 0, 0, 0, -23.0, -587.0, 48.0, 23.0, 405.0, -48.0, 408.0, 90]
[115, -90, 5, 15, 0, 0, 0, -27.0, -587.0, 46.0, 27.0, 405.0, -46.0, 408.0, 90]
[115, -90, 15, 15, 0, 0, 0, -34.0, -587.0, 41.0, 34.0, 405.0, -41.0, 408.0, 90]
[115, -90, 25, 15, 0, 0, 0, -41.0, -587.0, 34.0, 41.0, 405.0, -34.0, 408.0, 90]
[115, -90, 35, 15, 0, 0, 0, -46.0, -587.0, 27.0, 46.0, 405.0, -27.0, 408.0, 90]
[115, -90, 40, 15, 0, 0, 0, -48.0, -587.0, 23.0, 48.0, 405.0, -23.0, 408.0, 90]
[115, -90, 45, 15, 0, 0, 0, -50.0, -587.0, 18.0, 50.0, 405.0, -18.0, 408.0, 90]
[120, 0, -15, 15, 0, 0, 0, 325.0, -168.0, 247.0, -325.0, -14.0, -247.0, 408.0, 90]
[120, 0, 15, 15, 0, 0, 0, 325.0, -196.0, 247.0, -325.0, 14.0, -247.0, 408.0, 90]
[120, -25, -40, 15, 0, 0, 0, 310.0, -322.0, 226.0, -310.0, 140.0, -226.0, 408.0, 90]
[120, -25, 15, 15, 0, 0, 0, 287.0, -366.0, 225.0, -287.0, 184.0, -225.0, 408.0, 90]
[120, -35, 30, 15, 0, 0, 0, 251.0, -436.0, 198.0, -251.0, 254.0, -198.0, 408.0, 90]
[120, -40, -25, 15, 0, 0, 0, 257.0, -425.0, 204.0, -257.0, 243.0, -204.0, 408.0, 90]
[120, -55, -5, 15, 0, 0, 0, 178.0, -511.0, 164.0, -178.0, 329.0, -164.0, 408.0, 90]
