[0, -5, 25, 10, 0, 0, 0, 32.0, -233.0, -406.0, -32.0, 51.0, 406.0, 410.0, 0]
[0, -15, -25, 10, 0, 0, 0, 32.0, -273.0, -399.0, -32.0, 91.0, 399.0, 410.0, 0]
[0, -15, 40, 10, 0, 0, 0, 27.0, -310.0, -389.0, -27.0, 128.0, 389.0, 410.0, 0]
[0, -25, -25, 10, 0, 0, 0, 32.0, -341.0, -377.0, -32.0, 159.0, 377.0, 410.0, 0]
[0, -25, 30, 10, 0, 0, 0, 31.0, -371.0, -363.0, -31.0, 189.0, 363.0, 410.0, 0]
[0, -30, -30, 10, 0, 0, 0, 31.0, -371.0, -363.0, -31.0, 189.0, 363.0, 410.0, 0]
[0, -30, 20, 10, 0, 0, 0, 34.0, -397.0, -348.0, -34.0, 215.0, 348.0, 410.0, 0]
[0, -30, 35, 10, 0, 0, 0, 29.0, -404.0, -344.0, -29.0, 222.0, 344.0, 410.0, 0]
[0, -45, 0, 10, 0, 0, 0, 36.0, -471.0, -289.0, -36.0, 289.0, 289.0, 410.0, 0]
[0, -60, -35, 10, 0, 0, 0, 29.0, -526.0, -222.0, -29.0, 344.0, 222.0, 410.0, 0]
[0, -60, -20, 10, 0, 0, 0, 34.0, -530.0, -215.0, -34.0, 348.0, 215.0, 410.0, 0]
[0, -60, 30, 10, 0, 0, 0, 31.0, -545.0, -189.0, -31.0, 363.0, 189.0, 410.0, 0]
[0, -65, -30, 10, 0, 0, 0, 31.0, -545.0, -189.0, -31.0, 363.0, 189.0, 410.0, 0]
[0, -65, 25, 10, 0, 0, 0, 32.0, -559.0, -159.0, -32.0, 377.0, 159.0, 410.0, 0]
[0, -75, -40, 10, 0, 0, 0, 27.0, -571.0, -128.0, -27.0, 389.0, 128.0, 410.0, 0]
[0, -75, 25, 10, 0, 0, 0, 32.0, -581.0, -91.0, -32.0, 399.0, 91.0, 410.0, 0]
[0, -85, -25, 10, 0, 0, 0, 32.0, -588.0, -51.0, -32.0, 406.0, 51.0, 410.0, 0]
[5, -5, -35, 10, 0, 0, 0, 65.0, -197.0, -405.0, -65.0, 15.0, 405.0, 410.0, 0]
[5, -5, -20, 10, 0, 0, 0, 69.0, -205.0, -404.0, -69.0, 23.0, 404.0, 410.0, 0]
[90, -60, -20, 10, 0, 0, 0, 215.0, -530.0, 34.0, -215.0, 348.0, -34.0, 410.0, 0]
[90, -60, 30, 10, 0, 0, 0, 189.0, -545.0, 31.0, -189.0, 363.0, -31.0, 410.0, 0]
[90, -65, -30, 10, 0, 0, 0, 189.0, -545.0, 31.0, -189.0, 363.0, -31.0, 410.0, 0]
[90, -65, 25, 10, 0, 0, 0, 159.0, -559.0, 32.0, -159.0, 377.0, -32.0, 410.0, 0]
[90, -75, -40, 10, 0, 0, 0, 128.0, -571.0, 27.0, -128.0, 389.0, -27.0, 410.0, 0]
[90, -75, 25, 10, 0, 0, 0, 91.0, -581.0, 32.0, -91.0, 399.0, -32.0, 410.0, 0]
[90, -85, -25, 10, 0, 0, 0, 51.0, -588.0, 32.0, -51.0, 406.0, -32.0, 410.0, 0]
[95, -5, -35, 10, 0, 0, 0, 405.0, -197.0, 65.0, -405.0, 15.0, -65.0, 410.0, 0]
[95, -5, -20, 10, 0, 0, 0, 404.0, -205.0, 69.0, -404.0, 23.0, -69.0, 410.0, 0]
[95, -10, 0, 10, 0, 0, 0, 398.0, -253.0, 71.0, -398.0, 71.0, -71.0, 410.0, 0]
[95, -10, 10, 10, 0, 0, 0, 397.0, -259.0, 70.0, -397.0, 77.0, -70.0, 410.0, 0]
[95, -15, -40, 10, 0, 0, 0, 397.0, -266.0, 62.0, -397.0, 84.0, -62.0, 410.0, 0]
[95, -20, -15, 10, 0, 0, 0, 383.0, -313.0, 68.0, -383.0, 131.0, -68.0, 410.0, 0]
[95, -25, 0, 10, 0, 0, 0, 366.0, -355.0, 68.0, -366.0, 173.0, -68.0, 410.0, 0]
[95, -30, 35, 10, 0, 0, 0, 340.0, -404.0, 59.0, -340.0, 222.0, -59.0, 410.0, 0]
[95, -40, -10, 10, 0, 0, 0, 313.0, -440.0, 63.0, -313.0, 258.0, -63.0, 410.0, 0]
[95, -40, 15, 10, 0, 0, 0, 303.0, -452.0, 61.0, -303.0, 270.0, -61.0, 410.0, 0]
[95, -45, -5, 10, 0, 0, 0, 287.0, -469.0, 61.0, -287.0, 287.0, -61.0, 410.0, 0]
[95, -45, 0, 10, 0, 0, 0, 285.0, -471.0, 61.0, -285.0, 289.0, -61.0, 410.0, 0]
[5, -10, 0, 10, 0, 0, 0, 71.0, -253.0, -398.0, -71.0, 71.0, 398.0, 410.0, 5]
[5, -10, 10, 10, 0, 0, 0, 70.0, -259.0, -397.0, -70.0, 77.0, 397.0, 410.0, 5]
[5, -15, -40, 10, 0, 0, 0, 62.0, -266.0, -397.0, -62.0, 84.0, 397.0, 410.0, 5]
[5, -20, -15, 10, 0, 0, 0, 68.0, -313.0, -383.0, -68.0, 131.0, 383.0, 410.0, 5]
[5, -25, 0, 10, 0, 0, 0, 68.0, -355.0, -366.0, -68.0, 173.0, 366.0, 410.0, 5]
[5, -30, 35, 10, 0, 0, 0, 59.0, -404.0, -340.0, -59.0, 222.0, 340.0, 410.0, 5]
[5, -40, -10, 10, 0, 0, 0, 63.0, -440.0, -313.0, -63.0, 258.0, 313.0, 410.0, 5]
[5, -40, 15, 10, 0, 0, 0, 61.0, -452.0, -303.0, -61.0, 270.0, 303.0, 410.0, 5]
[5, -45, -5, 10, 0, 0, 0, 61.0, -469.0, -287.0, -61.0, 287.0, 287.0, 410.0, 5]
[5, -45, 0, 10, 0, 0, 0, 61.0, -471.0, -285.0, -61.0, 289.0, 285.0, 410.0, 5]
[5, -45, 45, 10, 0, 0, 0, 49.0, -489.0, -268.0, -49.0, 307.0, 268.0, 410.0, 5]
[5, -50, -35, 10, 0, 0, 0, 53.0, -482.0, -275.0, -53.0, 300.0, 275.0, 410.0, 5]
[5, -60, -10, 10, 0, 0, 0, 53.0, -533.0, -206.0, -53.0, 351.0, 206.0, 410.0, 5]
[5, -65, -35, 10, 0, 0, 0, 46.0, -544.0, -188.0, -46.0, 362.0, 188.0, 410.0, 5]
[5, -65, 5, 10, 0, 0, 0, 50.0, -554.0, -166.0, -50.0, 372.0, 166.0, 410.0, 5]
[5, -75, -40, 10, 0, 0, 0, 38.0, -571.0, -125.0, -38.0, 389.0, 125.0, 410.0, 5]
[5, -75, 0, 10, 0, 0, 0, 45.0, -577.0, -102.0, -45.0, 395.0, 102.0, 410.0, 5]
[5, -85, -25, 10, 0, 0, 0, 37.0, -588.0, -48.0, -37.0, 406.0, 48.0, 410.0, 5]
[10, -10, -35, 10, 0, 0, 0, 99.0, -233.0, -395.0, -99.0, 51.0, 395.0, 410.0, 5]
[95, -45, 45, 10, 0, 0, 0, 268.0, -489.0, 49.0, -268.0, 307.0, -49.0, 410.0, 5]
[95, -50, -35, 10, 0, 0, 0, 275.0, -482.0, 53.0, -275.0, 300.0, -53.0, 410.0, 5]
[95, -60, -10, 10, 0, 0, 0, 206.0, -533.0, 53.0, -206.0, 351.0, -53.0, 410.0, 5]
[95, -65, -35, 10, 0, 0, 0, 188.0, -544.0, 46.0, -188.0, 362.0, -46.0, 410.0, 5]
[95, -65, 5, 10, 0, 0, 0, 166.0, -554.0, 50.0, -166.0, 372.0, -50.0, 410.0, 5]
[95, -75, -40, 10, 0, 0, 0, 125.0, -571.0, 38.0, -125.0, 389.0, -38.0, 410.0, 5]
[95, -75, 0, 10, 0, 0, 0, 102.0, -577.0, 45.0, -102.0, 395.0, -45.0, 410.0, 5]
[95, -85, -25, 10, 0, 0, 0, 48.0, -588.0, 37.0, -48.0, 406.0, -37.0, 410.0, 5]
[100, -10, -35, 10, 0, 0, 0, 395.0, -233.0, 99.0, -395.0, 51.0, -99.0, 410.0, 5]
[100, -10, 35, 10, 0, 0, 0, 388.0, -273.0, 98.0, -388.0, 91.0, -98.0, 410.0, 5]
[100, -15, 30, 10, 0, 0, 0, 379.0, -305.0, 98.0, -379.0, 123.0, -98.0, 410.0, 5]
[100, -20, -30, 10, 0, 0, 0, 379.0, -305.0, 98.0, -379.0, 123.0, -98.0, 410.0, 5]
[100, -25, -5, 10, 0, 0, 0, 360.0, -352.0, 100.0, -360.0, 170.0, -100.0, 410.0, 5]
[100, -25, 45, 10, 0, 0, 0, 350.0, -378.0, 87.0, -350.0, 196.0, -87.0, 410.0, 5]
[100, -30, 5, 10, 0, 0, 0, 341.0, -389.0, 96.0, -341.0, 207.0, -96.0, 410.0, 5]
[100, -35, -15, 10, 0, 0, 0, 329.0, -409.0, 93.0, -329.0, 227.0, -93.0, 410.0, 5]
[100, -35, 5, 10, 0, 0, 0, 322.0, -419.0, 93.0, -322.0, 237.0, -93.0, 410.0, 5]
[100, -50, 20, 10, 0, 0, 0, 244.0, -503.0, 77.0, -244.0, 321.0, -77.0, 410.0, 5]
[100, -60, -20, 10, 0, 0, 0, 206.0, -530.0, 70.0, -206.0, 348.0, -70.0, 410.0, 5]
[10, -10, 35, 10, 0, 0, 0, 98.0, -273.0, -388.0, -98.0, 91.0, 388.0, 410.0, 10]
[10, -15, 30, 10, 0, 0, 0, 98.0, -305.0, -379.0, -98.0, 123.0, 379.0, 410.0, 10]
[10, -20, -30, 10, 0, 0, 0, 98.0, -305.0, -379.0, -98.0, 123.0, 379.0, 410.0, 10]
[10, -25, -5, 10, 0, 0, 0, 100.0, -352.0, -360.0, -100.0, 170.0, 360.0, 410.0, 10]
[10, -25, 45, 10, 0, 0, 0, 87.0, -378.0, -350.0, -87.0, 196.0, 350.0, 410.0, 10]
[10, -30, 5, 10, 0, 0, 0, 96.0, -389.0, -341.0, -96.0, 207.0, 341.0, 410.0, 10]
[10, -35, -15, 10, 0, 0, 0, 93.0, -409.0, -329.0, -93.0, 227.0, 329.0, 410.0, 10]
[10, -35, 5, 10, 0, 0, 0, 93.0, -419.0, -322.0, -93.0, 237.0, 322.0, 410.0, 10]
[10, -50, 20, 10, 0, 0, 0, 77.0, -503.0, -244.0, -77.0, 321.0, 244.0, 410.0, 10]
[10, -60, -20, 10, 0, 0, 0, 70.0, -530.0, -206.0, -70.0, 348.0, 206.0, 410.0, 10]
[10, -60, 30, 10, 0, 0, 0, 63.0, -545.0, -181.0, -63.0, 363.0, 181.0, 410.0, 10]
[10, -65, -30, 10, 0, 0, 0, 63.0, -545.0, -181.0, -63.0, 363.0, 181.0, 410.0, 10]
[10, -70, -20, 10, 0, 0, 0, 59.0, -562.0, -143.0, -59.0, 380.0, 143.0, 410.0, 10]
[10, -75, -40, 10, 0, 0, 0, 49.0, -571.0, -121.0, -49.0, 389.0, 121.0, 410.0, 10]
[10, -85, -25, 10, 0, 0, 0, 41.0, -588.0, -44.0, -41.0, 406.0, 44.0, 410.0, 10]
[15, 0, -40, 10, 0, 0, 0, 132.0, -159.0, -388.0, -132.0, -23.0, 388.0, 410.0, 10]
[15, 0, -15, 10, 0, 0, 0, 139.0, -173.0, -386.0, -139.0, -9.0, 386.0, 410.0, 10]
[15, 0, 15, 10, 0, 0, 0, 139.0, -191.0, -386.0, -139.0, 9.0, 386.0, 410.0, 10]
[15, 0, 40, 10, 0, 0, 0, 132.0, -205.0, -388.0, -132.0, 23.0, 388.0, 410.0, 10]
[100, -60, 30, 10, 0, 0, 0, 181.0, -545.0, 63.0, -181.0, 363.0, -63.0, 410.0, 10]
[100, -65, -30, 10, 0, 0, 0, 181.0, -545.0, 63.0, -181.0, 363.0, -63.0, 410.0, 10]
[100, -70, -20, 10, 0, 0, 0, 143.0, -562.0, 59.0, -143.0, 380.0, -59.0, 410.0, 10]
[100, -75, -40, 10, 0, 0, 0, 121.0, -571.0, 49.0, -121.0, 389.0, -49.0, 410.0, 10]
[100, -85, -25, 10, 0, 0, 0, 44.0, -588.0, 41.0, -44.0, 406.0, -41.0, 410.0, 10]
[105, 0, -40, 10, 0, 0, 0, 388.0, -159.0, 132.0, -388.0, -23.0, -132.0, 410.0, 10]
[105, 0, -15, 10, 0, 0, 0, 386.0, -173.0, 139.0, -386.0, -9.0, -139.0, 410.0, 10]
[105, 0, 15, 10, 0, 0, 0, 386.0, -191.0, 139.0, -386.0, 9.0, -139.0, 410.0, 10]
[105, 0, 40, 10, 0, 0, 0, 388.0, -205.0, 132.0, -388.0, 23.0, -132.0, 410.0, 10]
[105, -5, 30, 10, 0, 0, 0, 384.0, -235.0, 135.0, -384.0, 53.0, -135.0, 410.0, 10]
[105, -10, -30, 10, 0, 0, 0, 384.0, -235.0, 135.0, -384.0, 53.0, -135.0, 410.0, 10]
[105, -10, 25, 10, 0, 0, 0, 378.0, -268.0, 135.0, -378.0, 86.0, -135.0, 410.0, 10]
[105, -10, 30, 10, 0, 0, 0, 378.0, -271.0, 133.0, -378.0, 89.0, -133.0, 410.0, 10]
[105, -15, -35, 10, 0, 0, 0, 379.0, -268.0, 132.0, -379.0, 86.0, -132.0, 410.0, 10]
[105, -15, -30, 10, 0, 0, 0, 378.0, -271.0, 133.0, -378.0, 89.0, -133.0, 410.0, 10]
[105, -15, 30, 10, 0, 0, 0, 369.0, -305.0, 131.0, -369.0, 123.0, -131.0, 410.0, 10]
[105, -20, -45, 10, 0, 0, 0, 373.0, -298.0, 126.0, -373.0, 116.0, -126.0, 410.0, 10]
[105, -20, -30, 10, 0, 0, 0, 369.0, -305.0, 131.0, -369.0, 123.0, -131.0, 410.0, 10]
[105, -20, -5, 10, 0, 0, 0, 363.0, -319.0, 134.0, -363.0, 137.0, -134.0, 410.0, 10]
[15, -5, 30, 10, 0, 0, 0, 135.0, -235.0, -384.0, -135.0, 53.0, 384.0, 410.0, 15]
[15, -10, -30, 10, 0, 0, 0, 135.0, -235.0, -384.0, -135.0, 53.0, 384.0, 410.0, 15]
[15, -10, 25, 10, 0, 0, 0, 135.0, -268.0, -378.0, -135.0, 86.0, 378.0, 410.0, 15]
[15, -10, 30, 10, 0, 0, 0, 133.0, -271.0, -378.0, -133.0, 89.0, 378.0, 410.0, 15]
[15, -15, -35, 10, 0, 0, 0, 132.0, -268.0, -379.0, -132.0, 86.0, 379.0, 410.0, 15]
[15, -15, -30, 10, 0, 0, 0, 133.0, -271.0, -378.0, -133.0, 89.0, 378.0, 410.0, 15]
[15, -15, 30, 10, 0, 0, 0, 131.0, -305.0, -369.0, -131.0, 123.0, 369.0, 410.0, 15]
[15, -20, -45, 10, 0, 0, 0, 126.0, -298.0, -373.0, -126.0, 116.0, 373.0, 410.0, 15]
[15, -20, -30, 10, 0, 0, 0, 131.0, -305.0, -369.0, -131.0, 123.0, 369.0, 410.0, 15]
[15, -20, -5, 10, 0, 0, 0, 134.0, -319.0, -363.0, -134.0, 137.0, 363.0, 410.0, 15]
[15, -45, 0, 10, 0, 0, 0, 109.0, -471.0, -270.0, -109.0, 289.0, 270.0, 410.0, 15]
[15, -50, 20, 10, 0, 0, 0, 98.0, -503.0, -236.0, -98.0, 321.0, 236.0, 410.0, 15]
[15, -55, 20, 10, 0, 0, 0, 91.0, -524.0, -208.0, -91.0, 342.0, 208.0, 410.0, 15]
[15, -60, -20, 10, 0, 0, 0, 88.0, -530.0, -199.0, -88.0, 348.0, 199.0, 410.0, 15]
[15, -65, -35, 10, 0, 0, 0, 78.0, -544.0, -177.0, -78.0, 362.0, 177.0, 410.0, 15]
[15, -65, -10, 10, 0, 0, 0, 80.0, -550.0, -163.0, -80.0, 368.0, 163.0, 410.0, 15]
[15, -65, 5, 10, 0, 0, 0, 78.0, -554.0, -155.0, -78.0, 372.0, 155.0, 410.0, 15]
[15, -65, 25, 10, 0, 0, 0, 73.0, -559.0, -145.0, -73.0, 377.0, 145.0, 410.0, 15]
[15, -85, -25, 10, 0, 0, 0, 44.0, -588.0, -41.0, -44.0, 406.0, 41.0, 410.0, 15]
[105, -45, 0, 10, 0, 0, 0, 270.0, -471.0, 109.0, -270.0, 289.0, -109.0, 410.0, 15]
[105, -50, 20, 10, 0, 0, 0, 236.0, -503.0, 98.0, -236.0, 321.0, -98.0, 410.0, 15]
[105, -55, 20, 10, 0, 0, 0, 208.0, -524.0, 91.0, -208.0, 342.0, -91.0, 410.0, 15]
[105, -60, -20, 10, 0, 0, 0, 199.0, -530.0, 88.0, -199.0, 348.0, -88.0, 410.0, 15]
[105, -65, -35, 10, 0, 0, 0, 177.0, -544.0, 78.0, -177.0, 362.0, -78.0, 410.0, 15]
[105, -65, -10, 10, 0, 0, 0, 163.0, -550.0, 80.0, -163.0, 368.0, -80.0, 410.0, 15]
[105, -65, 5, 10, 0, 0, 0, 155.0, -554.0, 78.0, -155.0, 372.0, -78.0, 410.0, 15]
[105, -65, 25, 10, 0, 0, 0, 145.0, -559.0, 73.0, -145.0, 377.0, -73.0, 410.0, 15]
[105, -85, -25, 10, 0, 0, 0, 41.0, -588.0, 44.0, -41.0, 406.0, -44.0, 410.0, 15]
[110, 0, -5, 10, 0, 0, 0, 372.0, -179.0, 173.0, -372.0, -3.0, -173.0, 410.0, 15]
[110, 0, 5, 10, 0, 0, 0, 372.0, -185.0, 173.0, -372.0, 3.0, -173.0, 410.0, 15]
[110, -5, -25, 10, 0, 0, 0, 373.0, -203.0, 170.0, -373.0, 21.0, -170.0, 410.0, 15]
[110, -5, 45, 10, 0, 0, 0, 372.0, -243.0, 162.0, -372.0, 61.0, -162.0, 410.0, 15]
[110, -10, 25, 10, 0, 0, 0, 365.0, -268.0, 167.0, -365.0, 86.0, -167.0, 410.0, 15]
[110, -10, 35, 10, 0, 0, 0, 365.0, -273.0, 164.0, -365.0, 91.0, -164.0, 410.0, 15]
[110, -20, -10, 10, 0, 0, 0, 351.0, -316.0, 165.0, -351.0, 134.0, -165.0, 410.0, 15]
[110, -20, -5, 10, 0, 0, 0, 350.0, -319.0, 165.0, -350.0, 137.0, -165.0, 410.0, 15]
[110, -30, 5, 10, 0, 0, 0, 319.0, -389.0, 154.0, -319.0, 207.0, -154.0, 410.0, 15]
[110, -30, 35, 10, 0, 0, 0, 313.0, -404.0, 145.0, -313.0, 222.0, -145.0, 410.0, 15]
[20, 0, -5, 10, 0, 0, 0, 173.0, -179.0, -372.0, -173.0, -3.0, 372.0, 410.0, 20]
[20, 0, 5, 10, 0, 0, 0, 173.0, -185.0, -372.0, -173.0, 3.0, 372.0, 410.0, 20]
[20, -5, -25, 10, 0, 0, 0, 170.0, -203.0, -373.0, -170.0, 21.0, 373.0, 410.0, 20]
[20, -5, 45, 10, 0, 0, 0, 162.0, -243.0, -372.0, -162.0, 61.0, 372.0, 410.0, 20]
[20, -10, 25, 10, 0, 0, 0, 167.0, -268.0, -365.0, -167.0, 86.0, 365.0, 410.0, 20]
[20, -10, 35, 10, 0, 0, 0, 164.0, -273.0, -365.0, -164.0, 91.0, 365.0, 410.0, 20]
[20, -20, -10, 10, 0, 0, 0, 165.0, -316.0, -351.0, -165.0, 134.0, 351.0, 410.0, 20]
[20, -20, -5, 10, 0, 0, 0, 165.0, -319.0, -350.0, -165.0, 137.0, 350.0, 410.0, 20]
[20, -30, 5, 10, 0, 0, 0, 154.0, -389.0, -319.0, -154.0, 207.0, 319.0, 410.0, 20]
[20, -30, 35, 10, 0, 0, 0, 145.0, -404.0, -313.0, -145.0, 222.0, 313.0, 410.0, 20]
[20, -35, 15, 10, 0, 0, 0, 145.0, -424.0, -298.0, -145.0, 242.0, 298.0, 410.0, 20]
[20, -50, 20, 10, 0, 0, 0, 118.0, -503.0, -227.0, -118.0, 321.0, 227.0, 410.0, 20]
[20, -55, 0, 10, 0, 0, 0, 114.0, -517.0, -208.0, -114.0, 335.0, 208.0, 410.0, 20]
[20, -60, -10, 10, 0, 0, 0, 105.0, -533.0, -185.0, -105.0, 351.0, 185.0, 410.0, 20]
[20, -60, 30, 10, 0, 0, 0, 94.0, -545.0, -167.0, -94.0, 363.0, 167.0, 410.0, 20]
[20, -65, -45, 10, 0, 0, 0, 91.0, -542.0, -175.0, -91.0, 360.0, 175.0, 410.0, 20]
[20, -65, -30, 10, 0, 0, 0, 94.0, -545.0, -167.0, -94.0, 363.0, 167.0, 410.0, 20]
[20, -70, -20, 10, 0, 0, 0, 83.0, -562.0, -131.0, -83.0, 380.0, 131.0, 410.0, 20]
[20, -75, 0, 10, 0, 0, 0, 70.0, -577.0, -87.0, -70.0, 395.0, 87.0, 410.0, 20]
[110, -35, 15, 10, 0, 0, 0, 298.0, -424.0, 145.0, -298.0, 242.0, -145.0, 410.0, 20]
[110, -50, 20, 10, 0, 0, 0, 227.0, -503.0, 118.0, -227.0, 321.0, -118.0, 410.0, 20]
[110, -55, 0, 10, 0, 0, 0, 208.0, -517.0, 114.0, -208.0, 335.0, -114.0, 410.0, 20]
[110, -60, -10, 10, 0, 0, 0, 185.0, -533.0, 105.0, -185.0, 351.0, -105.0, 410.0, 20]
[110, -60, 30, 10, 0, 0, 0, 167.0, -545.0, 94.0, -167.0, 363.0, -94.0, 410.0, 20]
[110, -65, -45, 10, 0, 0, 0, 175.0, -542.0, 91.0, -175.0, 360.0, -91.0, 410.0, 20]
[110, -65, -30, 10, 0, 0, 0, 167.0, -545.0, 94.0, -167.0, 363.0, -94.0, 410.0, 20]
[110, -70, -20, 10, 0, 0, 0, 131.0, -562.0, 83.0, -131.0, 380.0, -83.0, 410.0, 20]
[110, -75, 0, 10, 0, 0, 0, 87.0, -577.0, 70.0, -87.0, 395.0, -70.0, 410.0, 20]
[110, -75, 40, 10, 0, 0, 0, 69.0, -583.0, 54.0, -69.0, 401.0, -54.0, 410.0, 20]
[110, -85, -25, 10, 0, 0, 0, 37.0, -588.0, 48.0, -37.0, 406.0, -48.0, 410.0, 20]
[115, 0, -25, 10, 0, 0, 0, 357.0, -167.0, 202.0, -357.0, -15.0, -202.0, 410.0, 20]
[115, 0, -15, 10, 0, 0, 0, 356.0, -173.0, 204.0, -356.0, -9.0, -204.0, 410.0, 20]
[115, 0, 15, 10, 0, 0, 0, 356.0, -191.0, 204.0, -356.0, 9.0, -204.0, 410.0, 20]
[115, 0, 25, 10, 0, 0, 0, 357.0, -197.0, 202.0, -357.0, 15.0, -202.0, 410.0, 20]
[115, -5, -20, 10, 0, 0, 0, 356.0, -205.0, 203.0, -356.0, 23.0, -203.0, 410.0, 20]
[115, -5, 20, 10, 0, 0, 0, 354.0, -230.0, 202.0, -354.0, 48.0, -202.0, 410.0, 20]
[115, -15, 40, 10, 0, 0, 0, 341.0, -310.0, 189.0, -341.0, 128.0, -189.0, 410.0, 20]
[115, -25, 15, 10, 0, 0, 0, 318.0, -363.0, 186.0, -318.0, 181.0, -186.0, 410.0, 20]
[20, -75, 40, 10, 0, 0, 0, 54.0, -583.0, -69.0, -54.0, 401.0, 69.0, 410.0, 25]
[20, -85, -25, 10, 0, 0, 0, 48.0, -588.0, -37.0, -48.0, 406.0, 37.0, 410.0, 25]
[25, 0, -25, 10, 0, 0, 0, 202.0, -167.0, -357.0, -202.0, -15.0, 357.0, 410.0, 25]
[25, 0, -15, 10, 0, 0, 0, 204.0, -173.0, -356.0, -204.0, -9.0, 356.0, 410.0, 25]
[25, 0, 15, 10, 0, 0, 0, 204.0, -191.0, -356.0, -204.0, 9.0, 356.0, 410.0, 25]
[25, 0, 25, 10, 0, 0, 0, 202.0, -197.0, -357.0, -202.0, 15.0, 357.0, 410.0, 25]
[25, -5, -20, 10, 0, 0, 0, 203.0, -205.0, -356.0, -203.0, 23.0, 356.0, 410.0, 25]
[25, -5, 20, 10, 0, 0, 0, 202.0, -230.0, -354.0, -202.0, 48.0, 354.0, 410.0, 25]
[25, -15, 40, 10, 0, 0, 0, 189.0, -310.0, -341.0, -189.0, 128.0, 341.0, 410.0, 25]
[25, -25, 15, 10, 0, 0, 0, 186.0, -363.0, -318.0, -186.0, 181.0, 318.0, 410.0, 25]
[25, -35, 5, 10, 0, 0, 0, 173.0, -419.0, -287.0, -173.0, 237.0, 287.0, 410.0, 25]
[25, -35, 25, 10, 0, 0, 0, 167.0, -429.0, -282.0, -167.0, 247.0, 282.0, 410.0, 25]
[25, -50, -45, 10, 0, 0, 0, 142.0, -479.0, -245.0, -142.0, 297.0, 245.0, 410.0, 25]
[25, -50, -35, 10, 0, 0, 0, 144.0, -482.0, -240.0, -144.0, 300.0, 240.0, 410.0, 25]
[25, -55, 5, 10, 0, 0, 0, 130.0, -519.0, -195.0, -130.0, 337.0, 195.0, 410.0, 25]
[25, -60, -20, 10, 0, 0, 0, 121.0, -530.0, -181.0, -121.0, 348.0, 181.0, 410.0, 25]
[25, -60, -10, 10, 0, 0, 0, 121.0, -533.0, -175.0, -121.0, 351.0, 175.0, 410.0, 25]
[25, -60, 30, 10, 0, 0, 0, 108.0, -545.0, -158.0, -108.0, 363.0, 158.0, 410.0, 25]
[25, -65, -30, 10, 0, 0, 0, 108.0, -545.0, -158.0, -108.0, 363.0, 158.0, 410.0, 25]
[115, -35, 5, 10, 0, 0, 0, 287.0, -419.0, 173.0, -287.0, 237.0, -173.0, 410.0, 25]
[115, -35, 25, 10, 0, 0, 0, 282.0, -429.0, 167.0, -282.0, 247.0, -167.0, 410.0, 25]
[115, -50, -45, 10, 0, 0, 0, 245.0, -479.0, 142.0, -245.0, 297.0, -142.0, 410.0, 25]
[115, -50, -35, 10, 0, 0, 0, 240.0, -482.0, 144.0, -240.0, 300.0, -144.0, 410.0, 25]
[115, -55, 5, 10, 0, 0, 0, 195.0, -519.0, 130.0, -195.0, 337.0, -130.0, 410.0, 25]
[115, -60, -20, 10, 0, 0, 0, 181.0, -530.0, 121.0, -181.0, 348.0, -121.0, 410.0, 25]
[115, -60, -10, 10, 0, 0, 0, 175.0, -533.0, 121.0, -175.0, 351.0, -121.0, 410.0, 25]
[115, -60, 30, 10, 0, 0, 0, 158.0, -545.0, 108.0, -158.0, 363.0, -108.0, 410.0, 25]
[115, -65, -30, 10, 0, 0, 0, 158.0, -545.0, 108.0, -158.0, 363.0, -108.0, 410.0, 25]
[115, -65, -10, 10, 0, 0, 0, 147.0, -550.0, 107.0, -147.0, 368.0, -107.0, 410.0, 25]
[115, -70, -20, 10, 0, 0, 0, 123.0, -562.0, 94.0, -123.0, 380.0, -94.0, 410.0, 25]
[115, -75, 40, 10, 0, 0, 0, 64.0, -583.0, 60.0, -64.0, 401.0, -60.0, 410.0, 25]
[115, -85, -25, 10, 0, 0, 0, 32.0, -588.0, 51.0, -32.0, 406.0, -51.0, 410.0, 25]
[120, -5, 20, 10, 0, 0, 0, 335.0, -230.0, 232.0, -335.0, 48.0, -232.0, 410.0, 25]
[120, -10, 35, 10, 0, 0, 0, 331.0, -273.0, 225.0, -331.0, 91.0, -225.0, 410.0, 25]
[120, -15, -20, 10, 0, 0, 0, 328.0, -276.0, 228.0, -328.0, 94.0, -228.0, 410.0, 25]
[120, -15, 10, 10, 0, 0, 0, 323.0, -294.0, 227.0, -323.0, 112.0, -227.0, 410.0, 25]
[120, -20, 35, 10, 0, 0, 0, 312.0, -341.0, 214.0, -312.0, 159.0, -214.0, 410.0, 25]
[120, -25, 0, 10, 0, 0, 0, 303.0, -355.0, 216.0, -303.0, 173.0, -216.0, 410.0, 25]
[25, -65, -10, 10, 0, 0, 0, 107.0, -550.0, -147.0, -107.0, 368.0, 147.0, 410.0, 30]
[25, -70, -20, 10, 0, 0, 0, 94.0, -562.0, -123.0, -94.0, 380.0, 123.0, 410.0, 30]
[25, -75, 40, 10, 0, 0, 0, 60.0, -583.0, -64.0, -60.0, 401.0, 64.0, 410.0, 30]
[25, -85, -25, 10, 0, 0, 0, 51.0, -588.0, -32.0, -51.0, 406.0, 32.0, 410.0, 30]
[30, -5, 20, 10, 0, 0, 0, 232.0, -230.0, -335.0, -232.0, 48.0, 335.0, 410.0, 30]
[30, -10, 35, 10, 0, 0, 0, 225.0, -273.0, -331.0, -225.0, 91.0, 331.0, 410.0, 30]
[30, -15, -20, 10, 0, 0, 0, 228.0, -276.0, -328.0, -228.0, 94.0, 328.0, 410.0, 30]
[30, -15, 10, 10, 0, 0, 0, 227.0, -294.0, -323.0, -227.0, 112.0, 323.0, 410.0, 30]
[30, -20, 35, 10, 0, 0, 0, 214.0, -341.0, -312.0, -214.0, 159.0, 312.0, 410.0, 30]
[30, -25, 0, 10, 0, 0, 0, 216.0, -355.0, -303.0, -216.0, 173.0, 303.0, 410.0, 30]
[30, -35, -5, 10, 0, 0, 0, 199.0, -414.0, -274.0, -199.0, 232.0, 274.0, 410.0, 30]
[30, -35, 30, 10, 0, 0, 0, 189.0, -431.0, -266.0, -189.0, 249.0, 266.0, 410.0, 30]
[30, -40, -30, 10, 0, 0, 0, 189.0, -431.0, -266.0, -189.0, 249.0, 266.0, 410.0, 30]
[30, -40, -10, 10, 0, 0, 0, 189.0, -440.0, -257.0, -189.0, 258.0, 257.0, 410.0, 30]
[30, -50, 40, 10, 0, 0, 0, 146.0, -510.0, -199.0, -146.0, 328.0, 199.0, 410.0, 30]
[30, -55, 0, 10, 0, 0, 0, 148.0, -517.0, -185.0, -148.0, 335.0, 185.0, 410.0, 30]
[30, -60, 30, 10, 0, 0, 0, 121.0, -545.0, -148.0, -121.0, 363.0, 148.0, 410.0, 30]
[30, -65, -35, 10, 0, 0, 0, 121.0, -544.0, -151.0, -121.0, 362.0, 151.0, 410.0, 30]
[30, -65, -30, 10, 0, 0, 0, 121.0, -545.0, -148.0, -121.0, 363.0, 148.0, 410.0, 30]
[120, -35, -5, 10, 0, 0, 0, 274.0, -414.0, 199.0, -274.0, 232.0, -199.0, 410.0, 30]
[120, -35, 30, 10, 0, 0, 0, 266.0, -431.0, 189.0, -266.0, 249.0, -189.0, 410.0, 30]
[120, -40, -30, 10, 0, 0, 0, 266.0, -431.0, 189.0, -266.0, 249.0, -189.0, 410.0, 30]
[120, -40, -10, 10, 0, 0, 0, 257.0, -440.0, 189.0, -257.0, 258.0, -189.0, 410.0, 30]
[120, -50, 40, 10, 0, 0, 0, 199.0, -510.0, 146.0, -199.0, 328.0, -146.0, 410.0, 30]
[120, -55, 0, 10, 0, 0, 0, 185.0, -517.0, 148.0, -185.0, 335.0, -148.0, 410.0, 30]
[120, -60, 30, 10, 0, 0, 0, 148.0, -545.0, 121.0, -148.0, 363.0, -121.0, 410.0, 30]
[120, -65, -35, 10, 0, 0, 0, 151.0, -544.0, 121.0, -151.0, 362.0, -121.0, 410.0, 30]
[120, -65, -30, 10, 0, 0, 0, 148.0, -545.0, 121.0, -148.0, 363.0, -121.0, 410.0, 30]
[120, -70, -20, 10, 0, 0, 0, 114.0, -562.0, 105.0, -114.0, 380.0, -105.0, 410.0, 30]
[120, -75, -40, 10, 0, 0, 0, 97.0, -571.0, 88.0, -97.0, 389.0, -88.0, 410.0, 30]
[120, -85, -25, 10, 0, 0, 0, 28.0, -588.0, 53.0, -28.0, 406.0, -53.0, 410.0, 30]
[125, -5, 10, 10, 0, 0, 0, 313.0, -224.0, 262.0, -313.0, 42.0, -262.0, 410.0, 30]
[125, -10, -45, 10, 0, 0, 0, 319.0, -228.0, 254.0, -319.0, 46.0, -254.0, 410.0, 30]
[125, -10, -35, 10, 0, 0, 0, 316.0, -233.0, 257.0, -316.0, 51.0, -257.0, 410.0, 30]
[125, -10, 10, 10, 0, 0, 0, 309.0, -259.0, 259.0, -309.0, 77.0, -259.0, 410.0, 30]
[125, -10, 25, 10, 0, 0, 0, 309.0, -268.0, 256.0, -309.0, 86.0, -256.0, 410.0, 30]
[125, -25, 20, 10, 0, 0, 0, 280.0, -366.0, 237.0, -280.0, 184.0, -237.0, 410.0, 30]
[125, -30, 20, 10, 0, 0, 0, 266.0, -397.0, 227.0, -266.0, 215.0, -227.0, 410.0, 30]
[30, -70, -20, 10, 0, 0, 0, 105.0, -562.0, -114.0, -105.0, 380.0, 114.0, 410.0, 35]
[30, -75, -40, 10, 0, 0, 0, 88.0, -571.0, -97.0, -88.0, 389.0, 97.0, 410.0, 35]
[30, -85, -25, 10, 0, 0, 0, 53.0, -588.0, -28.0, -53.0, 406.0, 28.0, 410.0, 35]
[35, -5, 10, 10, 0, 0, 0, 262.0, -224.0, -313.0, -262.0, 42.0, 313.0, 410.0, 35]
[35, -10, -45, 10, 0, 0, 0, 254.0, -228.0, -319.0, -254.0, 46.0, 319.0, 410.0, 35]
[35, -10, -35, 10, 0, 0, 0, 257.0, -233.0, -316.0, -257.0, 51.0, 316.0, 410.0, 35]
[35, -10, 10, 10, 0, 0, 0, 259.0, -259.0, -309.0, -259.0, 77.0, 309.0, 410.0, 35]
[35, -10, 25, 10, 0, 0, 0, 256.0, -268.0, -309.0, -256.0, 86.0, 309.0, 410.0, 35]
[35, -25, 20, 10, 0, 0, 0, 237.0, -366.0, -280.0, -237.0, 184.0, 280.0, 410.0, 35]
[35, -30, 20, 10, 0, 0, 0, 227.0, -397.0, -266.0, -227.0, 215.0, 266.0, 410.0, 35]
[35, -30, 35, 10, 0, 0, 0, 221.0, -404.0, -265.0, -221.0, 222.0, 265.0, 410.0, 35]
[35, -45, -5, 10, 0, 0, 0, 196.0, -469.0, -218.0, -196.0, 287.0, 218.0, 410.0, 35]
[35, -45, 45, 10, 0, 0, 0, 176.0, -489.0, -208.0, -176.0, 307.0, 208.0, 410.0, 35]
[35, -50, 40, 10, 0, 0, 0, 163.0, -510.0, -185.0, -163.0, 328.0, 185.0, 410.0, 35]
[35, -60, -10, 10, 0, 0, 0, 149.0, -533.0, -152.0, -149.0, 351.0, 152.0, 410.0, 35]
[35, -60, 30, 10, 0, 0, 0, 134.0, -545.0, -137.0, -134.0, 363.0, 137.0, 410.0, 35]
[35, -65, -30, 10, 0, 0, 0, 134.0, -545.0, -137.0, -134.0, 363.0, 137.0, 410.0, 35]
[35, -65, -10, 10, 0, 0, 0, 131.0, -550.0, -126.0, -131.0, 368.0, 126.0, 410.0, 35]
[35, -70, -20, 10, 0, 0, 0, 114.0, -562.0, -105.0, -114.0, 380.0, 105.0, 410.0, 35]
[125, -30, 35, 10, 0, 0, 0, 265.0, -404.0, 221.0, -265.0, 222.0, -221.0, 410.0, 35]
[125, -45, -5, 10, 0, 0, 0, 218.0, -469.0, 196.0, -218.0, 287.0, -196.0, 410.0, 35]
[125, -45, 45, 10, 0, 0, 0, 208.0, -489.0, 176.0, -208.0, 307.0, -176.0, 410.0, 35]
[125, -50, 40, 10, 0, 0, 0, 185.0, -510.0, 163.0, -185.0, 328.0, -163.0, 410.0, 35]
[125, -60, -10, 10, 0, 0, 0, 152.0, -533.0, 149.0, -152.0, 351.0, -149.0, 410.0, 35]
[125, -60, 30, 10, 0, 0, 0, 137.0, -545.0, 134.0, -137.0, 363.0, -134.0, 410.0, 35]
[125, -65, -30, 10, 0, 0, 0, 137.0, -545.0, 134.0, -137.0, 363.0, -134.0, 410.0, 35]
[125, -65, -10, 10, 0, 0, 0, 126.0, -550.0, 131.0, -126.0, 368.0, -131.0, 410.0, 35]
[125, -70, -20, 10, 0, 0, 0, 105.0, -562.0, 114.0, -105.0, 380.0, -114.0, 410.0, 35]
[125, -75, -40, 10, 0, 0, 0, 89.0, -571.0, 96.0, -89.0, 389.0, -96.0, 410.0, 35]
[125, -75, 0, 10, 0, 0, 0, 66.0, -577.0, 90.0, -66.0, 395.0, -90.0, 410.0, 35]
[125, -75, 40, 10, 0, 0, 0, 53.0, -583.0, 70.0, -53.0, 401.0, -70.0, 410.0, 35]
[125, -85, -25, 10, 0, 0, 0, 23.0, -588.0, 56.0, -23.0, 406.0, -56.0, 410.0, 35]
[130, -5, -40, 10, 0, 0, 0, 296.0, -195.0, 284.0, -296.0, 13.0, -284.0, 410.0, 35]
[130, -5, -10, 10, 0, 0, 0, 290.0, -211.0, 289.0, -290.0, 29.0, -289.0, 410.0, 35]
[130, -5, 35, 10, 0, 0, 0, 292.0, -238.0, 283.0, -292.0, 56.0, -283.0, 410.0, 35]
[130, -10, 10, 10, 0, 0, 0, 285.0, -259.0, 285.0, -285.0, 77.0, -285.0, 410.0, 35]
[130, -10, 35, 10, 0, 0, 0, 287.0, -273.0, 279.0, -287.0, 91.0, -279.0, 410.0, 35]
[130, -15, -10, 10, 0, 0, 0, 281.0, -282.0, 282.0, -281.0, 100.0, -282.0, 410.0, 35]
[35, -75, -40, 10, 0, 0, 0, 96.0, -571.0, -89.0, -96.0, 389.0, 89.0, 410.0, 40]
[35, -75, 0, 10, 0, 0, 0, 90.0, -577.0, -66.0, -90.0, 395.0, 66.0, 410.0, 40]
[35, -75, 40, 10, 0, 0, 0, 70.0, -583.0, -53.0, -70.0, 401.0, 53.0, 410.0, 40]
[35, -85, -25, 10, 0, 0, 0, 56.0, -588.0, -23.0, -56.0, 406.0, 23.0, 410.0, 40]
[40, -5, -40, 10, 0, 0, 0, 284.0, -195.0, -296.0, -284.0, 13.0, 296.0, 410.0, 40]
[40, -5, -10, 10, 0, 0, 0, 289.0, -211.0, -290.0, -289.0, 29.0, 290.0, 410.0, 40]
[40, -5, 35, 10, 0, 0, 0, 283.0, -238.0, -292.0, -283.0, 56.0, 292.0, 410.0, 40]
[40, -10, 10, 10, 0, 0, 0, 285.0, -259.0, -285.0, -285.0, 77.0, 285.0, 410.0, 40]
[40, -10, 35, 10, 0, 0, 0, 279.0, -273.0, -287.0, -279.0, 91.0, 287.0, 410.0, 40]
[40, -15, -10, 10, 0, 0, 0, 282.0, -282.0, -281.0, -282.0, 100.0, 281.0, 410.0, 40]
[40, -20, 35, 10, 0, 0, 0, 265.0, -341.0, -270.0, -265.0, 159.0, 270.0, 410.0, 40]
[40, -25, -25, 10, 0, 0, 0, 267.0, -341.0, -268.0, -267.0, 159.0, 268.0, 410.0, 40]
[40, -25, 15, 10, 0, 0, 0, 262.0, -363.0, -259.0, -262.0, 181.0, 259.0, 410.0, 40]
[40, -30, 5, 10, 0, 0, 0, 254.0, -389.0, -247.0, -254.0, 207.0, 247.0, 410.0, 40]
[40, -40, -35, 10, 0, 0, 0, 232.0, -429.0, -231.0, -232.0, 247.0, 231.0, 410.0, 40]
[40, -40, 15, 10, 0, 0, 0, 224.0, -452.0, -213.0, -224.0, 270.0, 213.0, 410.0, 40]
[40, -45, 0, 10, 0, 0, 0, 213.0, -471.0, -199.0, -213.0, 289.0, 199.0, 410.0, 40]
[40, -60, -20, 10, 0, 0, 0, 164.0, -530.0, -143.0, -164.0, 348.0, 143.0, 410.0, 40]
[40, -60, -10, 10, 0, 0, 0, 162.0, -533.0, -138.0, -162.0, 351.0, 138.0, 410.0, 40]
[130, -20, 35, 10, 0, 0, 0, 270.0, -341.0, 265.0, -270.0, 159.0, -265.0, 410.0, 40]
[130, -25, -25, 10, 0, 0, 0, 268.0, -341.0, 267.0, -268.0, 159.0, -267.0, 410.0, 40]
[130, -25, 15, 10, 0, 0, 0, 259.0, -363.0, 262.0, -259.0, 181.0, -262.0, 410.0, 40]
[130, -30, 5, 10, 0, 0, 0, 247.0, -389.0, 254.0, -247.0, 207.0, -254.0, 410.0, 40]
[130, -40, -35, 10, 0, 0, 0, 231.0, -429.0, 232.0, -231.0, 247.0, -232.0, 410.0, 40]
[130, -40, 15, 10, 0, 0, 0, 213.0, -452.0, 224.0, -213.0, 270.0, -224.0, 410.0, 40]
[130, -45, 0, 10, 0, 0, 0, 199.0, -471.0, 213.0, -199.0, 289.0, -213.0, 410.0, 40]
[130, -60, -20, 10, 0, 0, 0, 143.0, -530.0, 164.0, -143.0, 348.0, -164.0, 410.0, 40]
[130, -60, -10, 10, 0, 0, 0, 138.0, -533.0, 162.0, -138.0, 351.0, -162.0, 410.0, 40]
[130, -60, 30, 10, 0, 0, 0, 125.0, -545.0, 145.0, -125.0, 363.0, -145.0, 410.0, 40]
[130, -65, -30, 10, 0, 0, 0, 125.0, -545.0, 145.0, -125.0, 363.0, -145.0, 410.0, 40]
[130, -65, 25, 10, 0, 0, 0, 101.0, -559.0, 127.0, -101.0, 377.0, -127.0, 410.0, 40]
[130, -70, -20, 10, 0, 0, 0, 94.0, -562.0, 123.0, -94.0, 380.0, -123.0, 410.0, 40]
[130, -75, -40, 10, 0, 0, 0, 81.0, -571.0, 103.0, -81.0, 389.0, -103.0, 410.0, 40]
[130, -85, -25, 10, 0, 0, 0, 18.0, -588.0, 57.0, -18.0, 406.0, -57.0, 410.0, 40]
[135, -10, 10, 10, 0, 0, 0, 259.0, -259.0, 309.0, -259.0, 77.0, -309.0, 410.0, 40]
[135, -15, -25, 10, 0, 0, 0, 259.0, -273.0, 305.0, -259.0, 91.0, -305.0, 410.0, 40]
[135, -15, 15, 10, 0, 0, 0, 253.0, -297.0, 302.0, -253.0, 115.0, -302.0, 410.0, 40]
[135, -15, 30, 10, 0, 0, 0, 254.0, -305.0, 298.0, -254.0, 123.0, -298.0, 410.0, 40]
[40, -60, 30, 10, 0, 0, 0, 145.0, -545.0, -125.0, -145.0, 363.0, 125.0, 410.0, 45]
[40, -65, -30, 10, 0, 0, 0, 145.0, -545.0, -125.0, -145.0, 363.0, 125.0, 410.0, 45]
[40, -65, 25, 10, 0, 0, 0, 127.0, -559.0, -101.0, -127.0, 377.0, 101.0, 410.0, 45]
[40, -70, -20, 10, 0, 0, 0, 123.0, -562.0, -94.0, -123.0, 380.0, 94.0, 410.0, 45]
[40, -75, -40, 10, 0, 0, 0, 103.0, -571.0, -81.0, -103.0, 389.0, 81.0, 410.0, 45]
[40, -85, -25, 10, 0, 0, 0, 57.0, -588.0, -18.0, -57.0, 406.0, 18.0, 410.0, 45]
[45, -10, 10, 10, 0, 0, 0, 309.0, -259.0, -259.0, -309.0, 77.0, 259.0, 410.0, 45]
[45, -15, -25, 10, 0, 0, 0, 305.0, -273.0, -259.0, -305.0, 91.0, 259.0, 410.0, 45]
[45, -15, 15, 10, 0, 0, 0, 302.0, -297.0, -253.0, -302.0, 115.0, 253.0, 410.0, 45]
[45, -15, 30, 10, 0, 0, 0, 298.0, -305.0, -254.0, -298.0, 123.0, 254.0, 410.0, 45]
[45, -20, -30, 10, 0, 0, 0, 298.0, -305.0, -254.0, -298.0, 123.0, 254.0, 410.0, 45]
[45, -20, 25, 10, 0, 0, 0, 291.0, -336.0, -245.0, -291.0, 154.0, 245.0, 410.0, 45]
[45, -25, -5, 10, 0, 0, 0, 288.0, -352.0, -238.0, -288.0, 170.0, 238.0, 410.0, 45]
[45, -30, 30, 10, 0, 0, 0, 266.0, -402.0, -222.0, -266.0, 220.0, 222.0, 410.0, 45]
[45, -35, -45, 10, 0, 0, 0, 265.0, -396.0, -229.0, -265.0, 214.0, 229.0, 410.0, 45]
[45, -35, -30, 10, 0, 0, 0, 266.0, -402.0, -222.0, -266.0, 220.0, 222.0, 410.0, 45]
[45, -35, -25, 10, 0, 0, 0, 266.0, -404.0, -220.0, -266.0, 222.0, 220.0, 410.0, 45]
[45, -35, -15, 10, 0, 0, 0, 265.0, -409.0, -216.0, -265.0, 227.0, 216.0, 410.0, 45]
[45, -45, -5, 10, 0, 0, 0, 231.0, -469.0, -181.0, -231.0, 287.0, 181.0, 410.0, 45]
[135, -20, -30, 10, 0, 0, 0, 254.0, -305.0, 298.0, -254.0, 123.0, -298.0, 410.0, 45]
[135, -20, 25, 10, 0, 0, 0, 245.0, -336.0, 291.0, -245.0, 154.0, -291.0, 410.0, 45]
[135, -25, -5, 10, 0, 0, 0, 238.0, -352.0, 288.0, -238.0, 170.0, -288.0, 410.0, 45]
[135, -30, 30, 10, 0, 0, 0, 222.0, -402.0, 266.0, -222.0, 220.0, -266.0, 410.0, 45]
[135, -35, -45, 10, 0, 0, 0, 229.0, -396.0, 265.0, -229.0, 214.0, -265.0, 410.0, 45]
[135, -35, -30, 10, 0, 0, 0, 222.0, -402.0, 266.0, -222.0, 220.0, -266.0, 410.0, 45]
[135, -35, -25, 10, 0, 0, 0, 220.0, -404.0, 266.0, -220.0, 222.0, -266.0, 410.0, 45]
[135, -35, -15, 10, 0, 0, 0, 216.0, -409.0, 265.0, -216.0, 227.0, -265.0, 410.0, 45]
[135, -45, -5, 10, 0, 0, 0, 181.0, -469.0, 231.0, -181.0, 287.0, -231.0, 410.0, 45]
[135, -45, 0, 10, 0, 0, 0, 179.0, -471.0, 230.0, -179.0, 289.0, -230.0, 410.0, 45]
[135, -50, -35, 10, 0, 0, 0, 176.0, -482.0, 218.0, -176.0, 300.0, -218.0, 410.0, 45]
[135, -60, -20, 10, 0, 0, 0, 128.0, -530.0, 176.0, -128.0, 348.0, -176.0, 410.0, 45]
[135, -60, -10, 10, 0, 0, 0, 124.0, -533.0, 173.0, -124.0, 351.0, -173.0, 410.0, 45]
[135, -65, -10, 10, 0, 0, 0, 101.0, -550.0, 151.0, -101.0, 368.0, -151.0, 410.0, 45]
[135, -70, -20, 10, 0, 0, 0, 83.0, -562.0, 131.0, -83.0, 380.0, -131.0, 410.0, 45]
[135, -75, -40, 10, 0, 0, 0, 71.0, -571.0, 110.0, -71.0, 389.0, -110.0, 410.0, 45]
[135, -85, -25, 10, 0, 0, 0, 13.0, -588.0, 59.0, -13.0, 406.0, -59.0, 410.0, 45]
[45, -45, 0, 10, 0, 0, 0, 230.0, -471.0, -179.0, -230.0, 289.0, 179.0, 410.0, 50]
[45, -50, -35, 10, 0, 0, 0, 218.0, -482.0, -176.0, -218.0, 300.0, 176.0, 410.0, 50]
[45, -60, -20, 10, 0, 0, 0, 176.0, -530.0, -128.0, -176.0, 348.0, 128.0, 410.0, 50]
[45, -60, -10, 10, 0, 0, 0, 173.0, -533.0, -124.0, -173.0, 351.0, 124.0, 410.0, 50]
[45, -65, -10, 10, 0, 0, 0, 151.0, -550.0, -101.0, -151.0, 368.0, 101.0, 410.0, 50]
[45, -70, -20, 10, 0, 0, 0, 131.0, -562.0, -83.0, -131.0, 380.0, 83.0, 410.0, 50]
[45, -75, -40, 10, 0, 0, 0, 110.0, -571.0, -71.0, -110.0, 389.0, 71.0, 410.0, 50]
[45, -85, -25, 10, 0, 0, 0, 59.0, -588.0, -13.0, -59.0, 406.0, 13.0, 410.0, 50]
[50, 0, -25, 10, 0, 0, 0, 334.0, -167.0, -238.0, -334.0, -15.0, 238.0, 410.0, 50]
[50, 0, 25, 10, 0, 0, 0, 334.0, -197.0, -238.0, -334.0, 15.0, 238.0, 410.0, 50]
[50, -5, -10, 10, 0, 0, 0, 335.0, -211.0, -235.0, -335.0, 29.0, 235.0, 410.0, 50]
[50, -10, 5, 10, 0, 0, 0, 331.0, -256.0, -231.0, -331.0, 74.0, 231.0, 410.0, 50]
[50, -10, 30, 10, 0, 0, 0, 326.0, -271.0, -233.0, -326.0, 89.0, 233.0, 410.0, 50]
[50, -15, -30, 10, 0, 0, 0, 326.0, -271.0, -233.0, -326.0, 89.0, 233.0, 410.0, 50]
[50, -15, -5, 10, 0, 0, 0, 326.0, -285.0, -227.0, -326.0, 103.0, 227.0, 410.0, 50]
[50, -15, 30, 10, 0, 0, 0, 319.0, -305.0, -227.0, -319.0, 123.0, 227.0, 410.0, 50]
[50, -20, -40, 10, 0, 0, 0, 318.0, -300.0, -231.0, -318.0, 118.0, 231.0, 410.0, 50]
[50, -20, -30, 10, 0, 0, 0, 319.0, -305.0, -227.0, -319.0, 123.0, 227.0, 410.0, 50]
[50, -35, -45, 10, 0, 0, 0, 284.0, -396.0, -205.0, -284.0, 214.0, 205.0, 410.0, 50]
[50, -35, -25, 10, 0, 0, 0, 284.0, -404.0, -196.0, -284.0, 222.0, 196.0, 410.0, 55]
[50, -35, -15, 10, 0, 0, 0, 283.0, -409.0, -192.0, -283.0, 227.0, 192.0, 410.0, 55]
[50, -35, -5, 10, 0, 0, 0, 281.0, -414.0, -189.0, -281.0, 232.0, 189.0, 410.0, 55]
[50, -35, 5, 10, 0, 0, 0, 278.0, -419.0, -187.0, -278.0, 237.0, 187.0, 410.0, 55]
[50, -45, -5, 10, 0, 0, 0, 246.0, -469.0, -160.0, -246.0, 287.0, 160.0, 410.0, 55]
[50, -45, 25, 10, 0, 0, 0, 234.0, -482.0, -154.0, -234.0, 300.0, 154.0, 410.0, 55]
[50, -45, 45, 10, 0, 0, 0, 224.0, -489.0, -155.0, -224.0, 307.0, 155.0, 410.0, 55]
[50, -50, -35, 10, 0, 0, 0, 232.0, -482.0, -157.0, -232.0, 300.0, 157.0, 410.0, 55]
[50, -50, 20, 10, 0, 0, 0, 216.0, -503.0, -137.0, -216.0, 321.0, 137.0, 410.0, 55]
[50, -65, -10, 10, 0, 0, 0, 159.0, -550.0, -88.0, -159.0, 368.0, 88.0, 410.0, 55]
[50, -70, 45, 10, 0, 0, 0, 105.0, -575.0, -55.0, -105.0, 393.0, 55.0, 410.0, 55]
[50, -75, -40, 10, 0, 0, 0, 116.0, -571.0, -61.0, -116.0, 389.0, 61.0, 410.0, 55]
[50, -85, -25, 10, 0, 0, 0, 60.0, -588.0, -8.0, -60.0, 406.0, 8.0, 410.0, 55]
[55, -5, -45, 10, 0, 0, 0, 350.0, -192.0, -214.0, -350.0, 10.0, 214.0, 410.0, 55]
[55, -20, 25, 10, 0, 0, 0, 329.0, -336.0, -191.0, -329.0, 154.0, 191.0, 410.0, 55]
[55, -25, -10, 10, 0, 0, 0, 326.0, -349.0, -185.0, -326.0, 167.0, 185.0, 410.0, 55]
[55, -25, -5, 10, 0, 0, 0, 325.0, -352.0, -184.0, -325.0, 170.0, 184.0, 410.0, 55]
[55, -25, 30, 10, 0, 0, 0, 315.0, -371.0, -183.0, -315.0, 189.0, 183.0, 410.0, 55]
[55, -40, -35, 10, 0, 0, 0, 284.0, -429.0, -163.0, -284.0, 247.0, 163.0, 410.0, 55]
[55, -40, -10, 10, 0, 0, 0, 280.0, -440.0, -153.0, -280.0, 258.0, 153.0, 410.0, 60]
[55, -45, -5, 10, 0, 0, 0, 259.0, -469.0, -138.0, -259.0, 287.0, 138.0, 410.0, 60]
[55, -50, 20, 10, 0, 0, 0, 227.0, -503.0, -118.0, -227.0, 321.0, 118.0, 410.0, 60]
[55, -55, 20, 10, 0, 0, 0, 203.0, -524.0, -101.0, -203.0, 342.0, 101.0, 410.0, 60]
[55, -70, -20, 10, 0, 0, 0, 143.0, -562.0, -59.0, -143.0, 380.0, 59.0, 410.0, 60]
[55, -75, 0, 10, 0, 0, 0, 107.0, -577.0, -31.0, -107.0, 395.0, 31.0, 410.0, 60]
[55, -85, -25, 10, 0, 0, 0, 60.0, -588.0, -3.0, -60.0, 406.0, 3.0, 410.0, 60]
[60, -5, -35, 10, 0, 0, 0, 369.0, -197.0, -179.0, -369.0, 15.0, 179.0, 410.0, 60]
[60, -5, 30, 10, 0, 0, 0, 367.0, -235.0, -176.0, -367.0, 53.0, 176.0, 410.0, 60]
[60, -10, -30, 10, 0, 0, 0, 367.0, -235.0, -176.0, -367.0, 53.0, 176.0, 410.0, 60]
[60, -10, 5, 10, 0, 0, 0, 366.0, -256.0, -170.0, -366.0, 74.0, 170.0, 410.0, 60]
[60, -25, -35, 10, 0, 0, 0, 343.0, -336.0, -164.0, -343.0, 154.0, 164.0, 410.0, 60]
[60, -25, -10, 10, 0, 0, 0, 341.0, -349.0, -156.0, -341.0, 167.0, 156.0, 410.0, 60]
[60, -30, -10, 10, 0, 0, 0, 327.0, -381.0, -148.0, -327.0, 199.0, 148.0, 410.0, 60]
[60, -30, 5, 10, 0, 0, 0, 323.0, -389.0, -146.0, -323.0, 207.0, 146.0, 410.0, 60]
[60, -35, -15, 10, 0, 0, 0, 312.0, -409.0, -140.0, -312.0, 227.0, 140.0, 410.0, 60]
[60, -45, -40, 10, 0, 0, 0, 278.0, -455.0, -129.0, -278.0, 273.0, 129.0, 410.0, 60]
[60, -45, -5, 10, 0, 0, 0, 270.0, -469.0, -115.0, -270.0, 287.0, 115.0, 410.0, 60]
[60, -50, -45, 10, 0, 0, 0, 257.0, -479.0, -119.0, -257.0, 297.0, 119.0, 410.0, 60]
[60, -50, 40, 10, 0, 0, 0, 226.0, -510.0, -99.0, -226.0, 328.0, 99.0, 410.0, 65]
[60, -55, 0, 10, 0, 0, 0, 221.0, -517.0, -86.0, -221.0, 335.0, 86.0, 410.0, 65]
[60, -55, 20, 10, 0, 0, 0, 211.0, -524.0, -83.0, -211.0, 342.0, 83.0, 410.0, 65]
[60, -60, 30, 10, 0, 0, 0, 179.0, -545.0, -68.0, -179.0, 363.0, 68.0, 410.0, 65]
[60, -65, -45, 10, 0, 0, 0, 182.0, -542.0, -76.0, -182.0, 360.0, 76.0, 410.0, 65]
[60, -65, -30, 10, 0, 0, 0, 179.0, -545.0, -68.0, -179.0, 363.0, 68.0, 410.0, 65]
[60, -65, -10, 10, 0, 0, 0, 172.0, -550.0, -59.0, -172.0, 368.0, 59.0, 410.0, 65]
[60, -85, -25, 10, 0, 0, 0, 60.0, -588.0, 3.0, -60.0, 406.0, -3.0, 410.0, 65]
[65, 0, -35, 10, 0, 0, 0, 383.0, -161.0, -146.0, -383.0, -21.0, 146.0, 410.0, 65]
[65, 0, 35, 10, 0, 0, 0, 383.0, -203.0, -146.0, -383.0, 21.0, 146.0, 410.0, 65]
[65, -5, 45, 10, 0, 0, 0, 378.0, -243.0, -148.0, -378.0, 61.0, 148.0, 410.0, 65]
[65, -10, -25, 10, 0, 0, 0, 381.0, -238.0, -142.0, -381.0, 56.0, 142.0, 410.0, 65]
[65, -10, 0, 10, 0, 0, 0, 380.0, -253.0, -138.0, -380.0, 71.0, 138.0, 410.0, 65]
[65, -15, -20, 10, 0, 0, 0, 375.0, -276.0, -138.0, -375.0, 94.0, 138.0, 410.0, 65]
[65, -20, -40, 10, 0, 0, 0, 367.0, -300.0, -141.0, -367.0, 118.0, 141.0, 410.0, 65]
[65, -25, -35, 10, 0, 0, 0, 356.0, -336.0, -134.0, -356.0, 154.0, 134.0, 410.0, 65]
[65, -25, 0, 10, 0, 0, 0, 351.0, -355.0, -124.0, -351.0, 173.0, 124.0, 410.0, 65]
[65, -30, 35, 10, 0, 0, 0, 324.0, -404.0, -119.0, -324.0, 222.0, 119.0, 410.0, 65]
[65, -35, -40, 10, 0, 0, 0, 327.0, -398.0, -122.0, -327.0, 216.0, 122.0, 410.0, 65]
[65, -35, -25, 10, 0, 0, 0, 325.0, -404.0, -116.0, -325.0, 222.0, 116.0, 410.0, 70]
[65, -45, -5, 10, 0, 0, 0, 279.0, -469.0, -91.0, -279.0, 287.0, 91.0, 410.0, 70]
[65, -45, 0, 10, 0, 0, 0, 277.0, -471.0, -90.0, -277.0, 289.0, 90.0, 410.0, 70]
[65, -45, 25, 10, 0, 0, 0, 266.0, -482.0, -88.0, -266.0, 300.0, 88.0, 410.0, 70]
[65, -50, -35, 10, 0, 0, 0, 265.0, -482.0, -91.0, -265.0, 300.0, 91.0, 410.0, 70]
[65, -50, 20, 10, 0, 0, 0, 244.0, -503.0, -77.0, -244.0, 321.0, 77.0, 410.0, 70]
[65, -55, -40, 10, 0, 0, 0, 241.0, -504.0, -82.0, -241.0, 322.0, 82.0, 410.0, 70]
[65, -60, -20, 10, 0, 0, 0, 209.0, -530.0, -61.0, -209.0, 348.0, 61.0, 410.0, 70]
[65, -60, -10, 10, 0, 0, 0, 205.0, -533.0, -57.0, -205.0, 351.0, 57.0, 410.0, 70]
[65, -75, 0, 10, 0, 0, 0, 111.0, -577.0, -12.0, -111.0, 395.0, 12.0, 410.0, 70]
[65, -75, 25, 10, 0, 0, 0, 96.0, -581.0, -9.0, -96.0, 399.0, 9.0, 410.0, 70]
[65, -75, 40, 10, 0, 0, 0, 87.0, -583.0, -11.0, -87.0, 401.0, 11.0, 410.0, 70]
[65, -85, -25, 10, 0, 0, 0, 60.0, -588.0, 8.0, -60.0, 406.0, -8.0, 410.0, 70]
[70, -5, -40, 10, 0, 0, 0, 394.0, -195.0, -114.0, -394.0, 13.0, 114.0, 410.0, 70]
[70, -10, -25, 10, 0, 0, 0, 392.0, -238.0, -108.0, -392.0, 56.0, 108.0, 410.0, 70]
[70, -15, 40, 10, 0, 0, 0, 375.0, -310.0, -107.0, -375.0, 128.0, 107.0, 410.0, 70]
[70, -35, -25, 10, 0, 0, 0, 334.0, -404.0, -87.0, -334.0, 222.0, 87.0, 410.0, 70]
[70, -40, -10, 10, 0, 0, 0, 310.0, -440.0, -76.0, -310.0, 258.0, 76.0, 410.0, 70]
[70, -45, 0, 10, 0, 0, 0, 284.0, -471.0, -65.0, -284.0, 289.0, 65.0, 410.0, 70]
[70, -50, 25, 10, 0, 0, 0, 247.0, -505.0, -56.0, -247.0, 323.0, 56.0, 410.0, 75]
[70, -60, -10, 10, 0, 0, 0, 209.0, -533.0, -39.0, -209.0, 351.0, 39.0, 410.0, 75]
[70, -60, 30, 10, 0, 0, 0, 188.0, -545.0, -36.0, -188.0, 363.0, 36.0, 410.0, 75]
[70, -65, -30, 10, 0, 0, 0, 188.0, -545.0, -36.0, -188.0, 363.0, 36.0, 410.0, 75]
[70, -85, -25, 10, 0, 0, 0, 59.0, -588.0, 13.0, -59.0, 406.0, -13.0, 410.0, 75]
[75, 0, -30, 10, 0, 0, 0, 403.0, -164.0, -76.0, -403.0, -18.0, 76.0, 410.0, 75]
[75, 0, 30, 10, 0, 0, 0, 403.0, -200.0, -76.0, -403.0, 18.0, 76.0, 410.0, 75]
[75, -5, -30, 10, 0, 0, 0, 403.0, -200.0, -76.0, -403.0, 18.0, 76.0, 410.0, 75]
[75, -5, 30, 10, 0, 0, 0, 400.0, -235.0, -75.0, -400.0, 53.0, 75.0, 410.0, 75]
[75, -10, -30, 10, 0, 0, 0, 400.0, -235.0, -75.0, -400.0, 53.0, 75.0, 410.0, 75]
[75, -10, 10, 10, 0, 0, 0, 397.0, -259.0, -70.0, -397.0, 77.0, 70.0, 410.0, 75]
[75, -15, 30, 10, 0, 0, 0, 385.0, -305.0, -71.0, -385.0, 123.0, 71.0, 410.0, 75]
[75, -20, -45, 10, 0, 0, 0, 386.0, -298.0, -77.0, -386.0, 116.0, 77.0, 410.0, 75]
[75, -20, 35, 10, 0, 0, 0, 372.0, -341.0, -69.0, -372.0, 159.0, 69.0, 410.0, 75]
[75, -25, -35, 10, 0, 0, 0, 374.0, -336.0, -70.0, -374.0, 154.0, 70.0, 410.0, 75]
[75, -35, -45, 10, 0, 0, 0, 344.0, -396.0, -66.0, -344.0, 214.0, 66.0, 410.0, 75]
[75, -35, 5, 10, 0, 0, 0, 331.0, -419.0, -52.0, -331.0, 237.0, 52.0, 410.0, 75]
[75, -40, -35, 10, 0, 0, 0, 323.0, -429.0, -56.0, -323.0, 247.0, 56.0, 410.0, 75]
[75, -50, -45, 10, 0, 0, 0, 279.0, -479.0, -49.0, -279.0, 297.0, 49.0, 410.0, 75]
[75, -50, 25, 10, 0, 0, 0, 251.0, -505.0, -34.0, -251.0, 323.0, 34.0, 410.0, 80]
[75, -50, 40, 10, 0, 0, 0, 244.0, -510.0, -37.0, -244.0, 328.0, 37.0, 410.0, 80]
[75, -60, -35, 10, 0, 0, 0, 222.0, -526.0, -29.0, -222.0, 344.0, 29.0, 410.0, 80]
[75, -65, 25, 10, 0, 0, 0, 162.0, -559.0, -10.0, -162.0, 377.0, 10.0, 410.0, 80]
[75, -70, -20, 10, 0, 0, 0, 155.0, -562.0, -7.0, -155.0, 380.0, 7.0, 410.0, 80]
[75, -85, -25, 10, 0, 0, 0, 57.0, -588.0, 18.0, -57.0, 406.0, -18.0, 410.0, 80]
[80, -5, -35, 10, 0, 0, 0, 408.0, -197.0, -42.0, -408.0, 15.0, 42.0, 410.0, 80]
[80, -5, -15, 10, 0, 0, 0, 408.0, -208.0, -37.0, -408.0, 26.0, 37.0, 410.0, 80]
[80, -5, 30, 10, 0, 0, 0, 405.0, -235.0, -40.0, -405.0, 53.0, 40.0, 410.0, 80]
[80, -10, -30, 10, 0, 0, 0, 405.0, -235.0, -40.0, -405.0, 53.0, 40.0, 410.0, 80]
[80, -10, 15, 10, 0, 0, 0, 401.0, -262.0, -36.0, -401.0, 80.0, 36.0, 410.0, 80]
[80, -20, -40, 10, 0, 0, 0, 391.0, -300.0, -41.0, -391.0, 118.0, 41.0, 410.0, 80]
[80, -30, -10, 10, 0, 0, 0, 358.0, -381.0, -27.0, -358.0, 199.0, 27.0, 410.0, 80]
[80, -35, -25, 10, 0, 0, 0, 344.0, -404.0, -28.0, -344.0, 222.0, 28.0, 410.0, 80]
[80, -35, -15, 10, 0, 0, 0, 341.0, -409.0, -25.0, -341.0, 227.0, 25.0, 410.0, 80]
[80, -45, -5, 10, 0, 0, 0, 293.0, -469.0, -16.0, -293.0, 287.0, 16.0, 410.0, 80]
[80, -45, 0, 10, 0, 0, 0, 291.0, -471.0, -15.0, -291.0, 289.0, 15.0, 410.0, 80]
[80, -50, 25, 10, 0, 0, 0, 253.0, -505.0, -12.0, -253.0, 323.0, 12.0, 410.0, 80]
[80, -55, 0, 10, 0, 0, 0, 237.0, -517.0, -6.0, -237.0, 335.0, 6.0, 410.0, 80]
[80, -65, -45, 10, 0, 0, 0, 197.0, -542.0, -9.0, -197.0, 360.0, 9.0, 410.0, 85]
[80, -70, -20, 10, 0, 0, 0, 155.0, -562.0, 7.0, -155.0, 380.0, -7.0, 410.0, 85]
[80, -75, -40, 10, 0, 0, 0, 131.0, -571.0, 5.0, -131.0, 389.0, -5.0, 410.0, 85]
[80, -85, -25, 10, 0, 0, 0, 56.0, -588.0, 23.0, -56.0, 406.0, -23.0, 410.0, 85]
[85, -5, 15, 10, 0, 0, 0, 408.0, -227.0, -1.0, -408.0, 45.0, 1.0, 410.0, 85]
[85, -5, 30, 10, 0, 0, 0, 407.0, -235.0, -5.0, -407.0, 53.0, 5.0, 410.0, 85]
[85, -10, -30, 10, 0, 0, 0, 407.0, -235.0, -5.0, -407.0, 53.0, 5.0, 410.0, 85]
[85, -10, 20, 10, 0, 0, 0, 402.0, -265.0, -1.0, -402.0, 83.0, 1.0, 410.0, 85]
[85, -20, -40, 10, 0, 0, 0, 393.0, -300.0, -7.0, -393.0, 118.0, 7.0, 410.0, 85]
[85, -20, -15, 10, 0, 0, 0, 389.0, -313.0, 1.0, -389.0, 131.0, -1.0, 410.0, 85]
[85, -20, -10, 10, 0, 0, 0, 388.0, -316.0, 1.0, -388.0, 134.0, -1.0, 410.0, 85]
[85, -25, -45, 10, 0, 0, 0, 382.0, -332.0, -8.0, -382.0, 150.0, 8.0, 410.0, 85]
[85, -30, -10, 10, 0, 0, 0, 359.0, -381.0, 4.0, -359.0, 199.0, -4.0, 410.0, 85]
[85, -35, 5, 10, 0, 0, 0, 335.0, -419.0, 6.0, -335.0, 237.0, -6.0, 410.0, 85]
[85, -40, -10, 10, 0, 0, 0, 319.0, -440.0, 7.0, -319.0, 258.0, -7.0, 410.0, 85]
[85, -40, 15, 10, 0, 0, 0, 309.0, -452.0, 8.0, -309.0, 270.0, -8.0, 410.0, 85]
[85, -45, 0, 10, 0, 0, 0, 291.0, -471.0, 10.0, -291.0, 289.0, -10.0, 410.0, 85]
[85, -50, -35, 10, 0, 0, 0, 280.0, -482.0, 5.0, -280.0, 300.0, -5.0, 410.0, 85]
[85, -50, 25, 10, 0, 0, 0, 253.0, -505.0, 10.0, -253.0, 323.0, -10.0, 410.0, 85]
[85, -60, -20, 10, 0, 0, 0, 217.0, -530.0, 15.0, -217.0, 348.0, -15.0, 410.0, 90]
[85, -60, -10, 10, 0, 0, 0, 212.0, -533.0, 17.0, -212.0, 351.0, -17.0, 410.0, 90]
[85, -60, 30, 10, 0, 0, 0, 191.0, -545.0, 14.0, -191.0, 363.0, -14.0, 410.0, 90]
[85, -65, -45, 10, 0, 0, 0, 197.0, -542.0, 8.0, -197.0, 360.0, -8.0, 410.0, 90]
[85, -65, -40, 10, 0, 0, 0, 195.0, -543.0, 10.0, -195.0, 361.0, -10.0, 410.0, 90]
[85, -65, -35, 10, 0, 0, 0, 193.0, -544.0, 12.0, -193.0, 362.0, -12.0, 410.0, 90]
[85, -65, -30, 10, 0, 0, 0, 191.0, -545.0, 14.0, -191.0, 363.0, -14.0, 410.0, 90]
[85, -75, -40, 10, 0, 0, 0, 130.0, -571.0, 16.0, -130.0, 389.0, -16.0, 410.0, 90]
[85, -85, -25, 10, 0, 0, 0, 53.0, -588.0, 28.0, -53.0, 406.0, -28.0, 410.0, 90]
[90, -5, 25, 10, 0, 0, 0, 406.0, -233.0, 32.0, -406.0, 51.0, -32.0, 410.0, 90]
[90, -15, -25, 10, 0, 0, 0, 399.0, -273.0, 32.0, -399.0, 91.0, -32.0, 410.0, 90]
[90, -15, 40, 10, 0, 0, 0, 389.0, -310.0, 27.0, -389.0, 128.0, -27.0, 410.0, 90]
[90, -25, -25, 10, 0, 0, 0, 377.0, -341.0, 32.0, -377.0, 159.0, -32.0, 410.0, 90]
[90, -25, 30, 10, 0, 0, 0, 363.0, -371.0, 31.0, -363.0, 189.0, -31.0, 410.0, 90]
[90, -30, -30, 10, 0, 0, 0, 363.0, -371.0, 31.0, -363.0, 189.0, -31.0, 410.0, 90]
[90, -30, 20, 10, 0, 0, 0, 348.0, -397.0, 34.0, -348.0, 215.0, -34.0, 410.0, 90]
[90, -30, 35, 10, 0, 0, 0, 344.0, -404.0, 29.0, -344.0, 222.0, -29.0, 410.0, 90]
[90, -45, 0, 10, 0, 0, 0, 289.0, -471.0, 36.0, -289.0, 289.0, -36.0, 410.0, 90]
[90, -60, -35, 10, 0, 0, 0, 222.0, -526.0, 29.0, -222.0, 344.0, -29.0, 410.0, 90]
