[0, -10, -40, 70, 0, 0, 0, 148.0, -108.0, -294.0, -148.0, -74.0, 294.0, 337.0, 0]
[0, -15, -15, 70, 0, 0, 0, 187.0, -205.0, -280.0, -187.0, 23.0, 280.0, 337.0, 0]
[0, -20, -25, 70, 0, 0, 0, 175.0, -200.0, -288.0, -175.0, 18.0, 288.0, 337.0, 0]
[0, -20, 45, 70, 0, 0, 0, 137.0, -405.0, -213.0, -137.0, 223.0, 213.0, 337.0, 0]
[0, -25, 25, 70, 0, 0, 0, 175.0, -373.0, -216.0, -175.0, 191.0, 216.0, 337.0, 0]
[0, -40, 40, 70, 0, 0, 0, 148.0, -455.0, -132.0, -148.0, 273.0, 132.0, 337.0, 0]
[0, -50, -40, 70, 0, 0, 0, 148.0, -314.0, -273.0, -148.0, 132.0, 273.0, 337.0, 0]
[0, -65, -25, 70, 0, 0, 0, 175.0, -398.0, -191.0, -175.0, 216.0, 191.0, 337.0, 0]
[0, -70, -45, 70, 0, 0, 0, 137.0, -395.0, -223.0, -137.0, 213.0, 223.0, 337.0, 0]
[0, -70, 25, 70, 0, 0, 0, 175.0, -470.0, -18.0, -175.0, 288.0, 18.0, 337.0, 0]
[0, -75, 15, 70, 0, 0, 0, 187.0, -462.0, -23.0, -187.0, 280.0, 23.0, 337.0, 0]
[0, -80, 40, 70, 0, 0, 0, 148.0, -476.0, 74.0, -148.0, 294.0, -74.0, 337.0, 0]
[5, -5, 45, 70, 0, 0, 0, 159.0, -342.0, -251.0, -159.0, 160.0, 251.0, 337.0, 0]
[5, -10, -45, 70, 0, 0, 0, 162.0, -95.0, -283.0, -162.0, -87.0, 283.0, 337.0, 0]
[5, -10, -40, 70, 0, 0, 0, 173.0, -108.0, -280.0, -173.0, -74.0, 280.0, 337.0, 0]
[5, -10, 30, 70, 0, 0, 0, 189.0, -325.0, -240.0, -189.0, 143.0, 240.0, 337.0, 0]
[5, -15, 10, 70, 0, 0, 0, 212.0, -286.0, -241.0, -212.0, 104.0, 241.0, 337.0, 0]
[5, -15, 15, 70, 0, 0, 0, 208.0, -302.0, -237.0, -208.0, 120.0, 237.0, 337.0, 0]
[5, -25, -30, 70, 0, 0, 0, 192.0, -211.0, -276.0, -192.0, 29.0, 276.0, 337.0, 0]
[65, -10, -40, 70, 0, 0, 0, 329.0, -108.0, 10.0, -329.0, -74.0, -10.0, 337.0, 0]
[65, -10, -20, 70, 0, 0, 0, 334.0, -165.0, 45.0, -334.0, -17.0, -45.0, 337.0, 0]
[65, -10, -5, 70, 0, 0, 0, 331.0, -213.0, 58.0, -331.0, 31.0, -58.0, 337.0, 0]
[65, -10, 10, 70, 0, 0, 0, 322.0, -263.0, 60.0, -322.0, 81.0, -60.0, 337.0, 0]
[65, -10, 15, 70, 0, 0, 0, 318.0, -279.0, 58.0, -318.0, 97.0, -58.0, 337.0, 0]
[65, -20, 45, 70, 0, 0, 0, 251.0, -405.0, 34.0, -251.0, 223.0, -34.0, 337.0, 0]
[65, -25, 15, 70, 0, 0, 0, 287.0, -344.0, 72.0, -287.0, 162.0, -72.0, 337.0, 0]
[65, -30, -40, 70, 0, 0, 0, 336.0, -213.0, 7.0, -336.0, 31.0, -7.0, 337.0, 0]
[65, -30, 25, 70, 0, 0, 0, 254.0, -391.0, 75.0, -254.0, 209.0, -75.0, 337.0, 0]
[65, -30, 30, 70, 0, 0, 0, 244.0, -404.0, 71.0, -244.0, 222.0, -71.0, 337.0, 0]
[65, -40, -10, 70, 0, 0, 0, 292.0, -334.0, 74.0, -292.0, 152.0, -74.0, 337.0, 0]
[65, -40, 15, 70, 0, 0, 0, 242.0, -398.0, 93.0, -242.0, 216.0, -93.0, 337.0, 0]
[65, -40, 40, 70, 0, 0, 0, 182.0, -455.0, 79.0, -182.0, 273.0, -79.0, 337.0, 0]
[65, -45, -30, 70, 0, 0, 0, 310.0, -309.0, 40.0, -310.0, 127.0, -40.0, 337.0, 0]
[65, -45, 30, 70, 0, 0, 0, 186.0, -446.0, 98.0, -186.0, 264.0, -98.0, 337.0, 0]
[65, -45, 35, 70, 0, 0, 0, 173.0, -456.0, 94.0, -173.0, 274.0, -94.0, 337.0, 0]
[65, -50, -40, 70, 0, 0, 0, 310.0, -314.0, 19.0, -310.0, 132.0, -19.0, 337.0, 0]
[65, -55, -45, 70, 0, 0, 0, 303.0, -330.0, 10.0, -303.0, 148.0, -10.0, 337.0, 0]
[65, -55, -35, 70, 0, 0, 0, 293.0, -345.0, 38.0, -293.0, 163.0, -38.0, 337.0, 0]
[125, -70, 30, 70, 0, 0, 0, -93.0, -475.0, 139.0, 93.0, 293.0, -139.0, 337.0, 0]
[125, -75, 35, 70, 0, 0, 0, -120.0, -478.0, 109.0, 120.0, 296.0, -109.0, 337.0, 0]
[125, -80, -35, 70, 0, 0, 0, 38.0, -435.0, 220.0, -38.0, 253.0, -220.0, 337.0, 0]
[125, -80, 15, 70, 0, 0, 0, -108.0, -463.0, 152.0, 108.0, 281.0, -152.0, 337.0, 0]
[125, -80, 20, 70, 0, 0, 0, -118.0, -466.0, 139.0, 118.0, 284.0, -139.0, 337.0, 0]
[125, -85, -30, 70, 0, 0, 0, 3.0, -449.0, 206.0, -3.0, 267.0, -206.0, 337.0, 0]
[125, -85, -5, 70, 0, 0, 0, -77.0, -456.0, 181.0, 77.0, 274.0, -181.0, 337.0, 0]
[125, -85, 15, 70, 0, 0, 0, -128.0, -462.0, 138.0, 128.0, 280.0, -138.0, 337.0, 0]
[125, -85, 30, 70, 0, 0, 0, -155.0, -466.0, 96.0, 155.0, 284.0, -96.0, 337.0, 0]
[130, 0, -35, 70, 0, 0, 0, 110.0, -71.0, 299.0, -110.0, -111.0, -299.0, 337.0, 0]
[130, 0, -30, 70, 0, 0, 0, 104.0, -85.0, 306.0, -104.0, -97.0, -306.0, 337.0, 0]
[130, 0, -25, 70, 0, 0, 0, 99.0, -100.0, 312.0, -99.0, -82.0, -312.0, 337.0, 0]
[130, 0, -20, 70, 0, 0, 0, 95.0, -116.0, 317.0, -95.0, -66.0, -317.0, 337.0, 0]
[130, 0, 20, 70, 0, 0, 0, 95.0, -248.0, 317.0, -95.0, 66.0, -317.0, 337.0, 0]
[130, 0, 25, 70, 0, 0, 0, 99.0, -264.0, 312.0, -99.0, 82.0, -312.0, 337.0, 0]
[130, 0, 30, 70, 0, 0, 0, 104.0, -279.0, 306.0, -104.0, 97.0, -306.0, 337.0, 0]
[130, 0, 35, 70, 0, 0, 0, 110.0, -293.0, 299.0, -110.0, 111.0, -299.0, 337.0, 0]
[130, -10, 35, 70, 0, 0, 0, 92.0, -339.0, 284.0, -92.0, 157.0, -284.0, 337.0, 0]
[130, -15, -30, 70, 0, 0, 0, 116.0, -160.0, 316.0, -116.0, -22.0, -316.0, 337.0, 0]
[5, -25, 5, 70, 0, 0, 0, 213.0, -314.0, -226.0, -213.0, 132.0, 226.0, 337.0, 5]
[5, -25, 45, 70, 0, 0, 0, 153.0, -423.0, -180.0, -153.0, 241.0, 180.0, 337.0, 5]
[5, -40, -10, 70, 0, 0, 0, 210.0, -334.0, -216.0, -210.0, 152.0, 216.0, 337.0, 5]
[5, -40, 0, 70, 0, 0, 0, 211.0, -360.0, -194.0, -211.0, 178.0, 194.0, 337.0, 5]
[5, -45, -35, 70, 0, 0, 0, 182.0, -299.0, -259.0, -182.0, 117.0, 259.0, 337.0, 5]
[5, -45, -15, 70, 0, 0, 0, 206.0, -342.0, -214.0, -206.0, 160.0, 214.0, 337.0, 5]
[5, -50, 0, 70, 0, 0, 0, 208.0, -394.0, -160.0, -208.0, 212.0, 160.0, 337.0, 5]
[5, -50, 15, 70, 0, 0, 0, 198.0, -426.0, -123.0, -198.0, 244.0, 123.0, 337.0, 5]
[5, -55, 45, 70, 0, 0, 0, 140.0, -487.0, -35.0, -140.0, 305.0, 35.0, 337.0, 5]
[5, -60, -5, 70, 0, 0, 0, 205.0, -413.0, -136.0, -205.0, 231.0, 136.0, 337.0, 5]
[5, -65, -45, 70, 0, 0, 0, 157.0, -375.0, -228.0, -157.0, 193.0, 228.0, 337.0, 5]
[5, -65, -25, 70, 0, 0, 0, 191.0, -398.0, -175.0, -191.0, 216.0, 175.0, 337.0, 5]
[5, -70, -35, 70, 0, 0, 0, 175.0, -404.0, -184.0, -175.0, 222.0, 184.0, 337.0, 5]
[5, -70, 15, 70, 0, 0, 0, 190.0, -459.0, -31.0, -190.0, 277.0, 31.0, 337.0, 5]
[5, -70, 30, 70, 0, 0, 0, 167.0, -475.0, 11.0, -167.0, 293.0, -11.0, 337.0, 5]
[5, -75, -40, 70, 0, 0, 0, 164.0, -417.0, -178.0, -164.0, 235.0, 178.0, 337.0, 5]
[5, -75, -30, 70, 0, 0, 0, 181.0, -424.0, -150.0, -181.0, 242.0, 150.0, 337.0, 5]
[5, -75, 15, 70, 0, 0, 0, 188.0, -462.0, -7.0, -188.0, 280.0, 7.0, 337.0, 5]
[5, -80, 15, 70, 0, 0, 0, 186.0, -463.0, 18.0, -186.0, 281.0, -18.0, 337.0, 5]
[65, -55, 30, 70, 0, 0, 0, 143.0, -464.0, 118.0, -143.0, 282.0, -118.0, 337.0, 5]
[65, -55, 40, 70, 0, 0, 0, 114.0, -480.0, 110.0, -114.0, 298.0, -110.0, 337.0, 5]
[65, -55, 45, 70, 0, 0, 0, 100.0, -487.0, 104.0, -100.0, 305.0, -104.0, 337.0, 5]
[65, -60, -30, 70, 0, 0, 0, 272.0, -373.0, 58.0, -272.0, 191.0, -58.0, 337.0, 5]
[65, -60, -5, 70, 0, 0, 0, 220.0, -413.0, 110.0, -220.0, 231.0, -110.0, 337.0, 5]
[65, -65, -30, 70, 0, 0, 0, 256.0, -392.0, 65.0, -256.0, 210.0, -65.0, 337.0, 5]
[65, -65, -25, 70, 0, 0, 0, 247.0, -398.0, 78.0, -247.0, 216.0, -78.0, 337.0, 5]
[65, -70, -45, 70, 0, 0, 0, 260.0, -395.0, 30.0, -260.0, 213.0, -30.0, 337.0, 5]
[65, -70, -35, 70, 0, 0, 0, 247.0, -404.0, 60.0, -247.0, 222.0, -60.0, 337.0, 5]
[65, -70, 15, 70, 0, 0, 0, 122.0, -459.0, 149.0, -122.0, 277.0, -149.0, 337.0, 5]
[65, -70, 25, 70, 0, 0, 0, 90.0, -470.0, 151.0, -90.0, 288.0, -151.0, 337.0, 5]
[65, -70, 30, 70, 0, 0, 0, 74.0, -475.0, 150.0, -74.0, 293.0, -150.0, 337.0, 5]
[65, -85, -30, 70, 0, 0, 0, 180.0, -449.0, 101.0, -180.0, 267.0, -101.0, 337.0, 5]
[65, -85, -5, 70, 0, 0, 0, 119.0, -456.0, 157.0, -119.0, 274.0, -157.0, 337.0, 5]
[65, -85, 30, 70, 0, 0, 0, 5.0, -466.0, 182.0, -5.0, 284.0, -182.0, 337.0, 5]
[70, 0, -35, 70, 0, 0, 0, 314.0, -71.0, 54.0, -314.0, -111.0, -54.0, 337.0, 5]
[70, 0, -20, 70, 0, 0, 0, 322.0, -116.0, 76.0, -322.0, -66.0, -76.0, 337.0, 5]
[70, 0, -10, 70, 0, 0, 0, 325.0, -148.0, 84.0, -325.0, -34.0, -84.0, 337.0, 5]
[70, 0, 0, 70, 0, 0, 0, 326.0, -182.0, 87.0, -326.0, 0.0, -87.0, 337.0, 5]
[130, -15, -5, 70, 0, 0, 0, 84.0, -237.0, 322.0, -84.0, 55.0, -322.0, 337.0, 5]
[130, -25, 5, 70, 0, 0, 0, 63.0, -314.0, 304.0, -63.0, 132.0, -304.0, 337.0, 5]
[130, -30, -35, 70, 0, 0, 0, 124.0, -224.0, 311.0, -124.0, 42.0, -311.0, 337.0, 5]
[130, -30, 0, 70, 0, 0, 0, 59.0, -320.0, 302.0, -59.0, 138.0, -302.0, 337.0, 5]
[130, -30, 5, 70, 0, 0, 0, 53.0, -335.0, 296.0, -53.0, 153.0, -296.0, 337.0, 5]
[130, -30, 30, 70, 0, 0, 0, 39.0, -404.0, 251.0, -39.0, 222.0, -251.0, 337.0, 5]
[130, -35, 10, 70, 0, 0, 0, 36.0, -368.0, 279.0, -36.0, 186.0, -279.0, 337.0, 5]
[130, -40, -40, 70, 0, 0, 0, 128.0, -265.0, 301.0, -128.0, 83.0, -301.0, 337.0, 5]
[130, -45, 15, 70, 0, 0, 0, 3.0, -413.0, 246.0, -3.0, 231.0, -246.0, 337.0, 5]
[130, -45, 30, 70, 0, 0, 0, -10.0, -446.0, 210.0, 10.0, 264.0, -210.0, 337.0, 5]
[130, -50, -5, 70, 0, 0, 0, 22.0, -383.0, 270.0, -22.0, 201.0, -270.0, 337.0, 5]
[130, -50, 30, 70, 0, 0, 0, -28.0, -456.0, 195.0, 28.0, 274.0, -195.0, 337.0, 5]
[130, -55, -40, 70, 0, 0, 0, 104.0, -337.0, 281.0, -104.0, 155.0, -281.0, 337.0, 5]
[130, -55, -30, 70, 0, 0, 0, 75.0, -353.0, 281.0, -75.0, 171.0, -281.0, 337.0, 5]
[130, -55, 10, 70, 0, 0, 0, -22.0, -428.0, 230.0, 22.0, 246.0, -230.0, 337.0, 5]
[130, -60, -30, 70, 0, 0, 0, 63.0, -373.0, 271.0, -63.0, 191.0, -271.0, 337.0, 5]
[130, -60, 5, 70, 0, 0, 0, -29.0, -430.0, 227.0, 29.0, 248.0, -227.0, 337.0, 5]
[130, -65, -40, 70, 0, 0, 0, 81.0, -380.0, 261.0, -81.0, 198.0, -261.0, 337.0, 5]
[130, -65, -25, 70, 0, 0, 0, 34.0, -398.0, 257.0, -34.0, 216.0, -257.0, 337.0, 5]
[5, -80, 40, 70, 0, 0, 0, 141.0, -476.0, 87.0, -141.0, 294.0, -87.0, 337.0, 10]
[10, -5, -10, 70, 0, 0, 0, 236.0, -173.0, -241.0, -236.0, -9.0, 241.0, 337.0, 10]
[10, -10, -20, 70, 0, 0, 0, 228.0, -165.0, -248.0, -228.0, -17.0, 248.0, 337.0, 10]
[10, -20, 20, 70, 0, 0, 0, 220.0, -339.0, -202.0, -220.0, 157.0, 202.0, 337.0, 10]
[10, -25, -45, 70, 0, 0, 0, 188.0, -175.0, -280.0, -188.0, -7.0, 280.0, 337.0, 10]
[10, -25, 45, 70, 0, 0, 0, 168.0, -423.0, -166.0, -168.0, 241.0, 166.0, 337.0, 10]
[10, -30, -35, 70, 0, 0, 0, 207.0, -224.0, -263.0, -207.0, 42.0, 263.0, 337.0, 10]
[10, -30, 25, 70, 0, 0, 0, 207.0, -391.0, -165.0, -207.0, 209.0, 165.0, 337.0, 10]
[10, -30, 30, 70, 0, 0, 0, 198.0, -404.0, -159.0, -198.0, 222.0, 159.0, 337.0, 10]
[10, -35, -10, 70, 0, 0, 0, 230.0, -313.0, -209.0, -230.0, 131.0, 209.0, 337.0, 10]
[10, -40, -20, 70, 0, 0, 0, 223.0, -309.0, -219.0, -223.0, 127.0, 219.0, 337.0, 10]
[10, -40, -10, 70, 0, 0, 0, 228.0, -334.0, -197.0, -228.0, 152.0, 197.0, 337.0, 10]
[10, -40, 0, 70, 0, 0, 0, 227.0, -360.0, -175.0, -227.0, 178.0, 175.0, 337.0, 10]
[10, -40, 15, 70, 0, 0, 0, 215.0, -398.0, -145.0, -215.0, 216.0, 145.0, 337.0, 10]
[10, -40, 40, 70, 0, 0, 0, 169.0, -455.0, -104.0, -169.0, 273.0, 104.0, 337.0, 10]
[10, -45, -20, 70, 0, 0, 0, 221.0, -331.0, -207.0, -221.0, 149.0, 207.0, 337.0, 10]
[10, -45, -15, 70, 0, 0, 0, 224.0, -342.0, -195.0, -224.0, 160.0, 195.0, 337.0, 10]
[10, -45, 30, 70, 0, 0, 0, 187.0, -446.0, -96.0, -187.0, 264.0, 96.0, 337.0, 10]
[10, -50, 15, 70, 0, 0, 0, 208.0, -426.0, -105.0, -208.0, 244.0, 105.0, 337.0, 10]
[70, 0, 10, 70, 0, 0, 0, 325.0, -216.0, 84.0, -325.0, 34.0, -84.0, 337.0, 10]
[70, 0, 20, 70, 0, 0, 0, 322.0, -248.0, 76.0, -322.0, 66.0, -76.0, 337.0, 10]
[70, 0, 35, 70, 0, 0, 0, 314.0, -293.0, 54.0, -314.0, 111.0, -54.0, 337.0, 10]
[70, -10, -30, 70, 0, 0, 0, 329.0, -135.0, 58.0, -329.0, -47.0, -58.0, 337.0, 10]
[70, -10, -15, 70, 0, 0, 0, 328.0, -181.0, 79.0, -328.0, -1.0, -79.0, 337.0, 10]
[70, -10, 35, 70, 0, 0, 0, 292.0, -339.0, 62.0, -292.0, 157.0, -62.0, 337.0, 10]
[70, -15, -5, 70, 0, 0, 0, 321.0, -237.0, 88.0, -321.0, 55.0, -88.0, 337.0, 10]
[70, -20, -35, 70, 0, 0, 0, 334.0, -172.0, 47.0, -334.0, -10.0, -47.0, 337.0, 10]
[70, -20, 45, 70, 0, 0, 0, 247.0, -405.0, 56.0, -247.0, 223.0, -56.0, 337.0, 10]
[70, -30, -10, 70, 0, 0, 0, 306.0, -291.0, 91.0, -306.0, 109.0, -91.0, 337.0, 10]
[70, -30, 5, 70, 0, 0, 0, 283.0, -335.0, 102.0, -283.0, 153.0, -102.0, 337.0, 10]
[70, -35, 10, 70, 0, 0, 0, 260.0, -368.0, 108.0, -260.0, 186.0, -108.0, 337.0, 10]
[70, -45, 35, 70, 0, 0, 0, 164.0, -456.0, 109.0, -164.0, 274.0, -109.0, 337.0, 10]
[70, -50, -5, 70, 0, 0, 0, 245.0, -383.0, 116.0, -245.0, 201.0, -116.0, 337.0, 10]
[70, -50, 0, 70, 0, 0, 0, 233.0, -394.0, 121.0, -233.0, 212.0, -121.0, 337.0, 10]
[70, -55, -45, 70, 0, 0, 0, 301.0, -330.0, 36.0, -301.0, 148.0, -36.0, 337.0, 10]
[70, -55, 30, 70, 0, 0, 0, 132.0, -464.0, 130.0, -132.0, 282.0, -130.0, 337.0, 10]
[70, -60, -45, 70, 0, 0, 0, 288.0, -353.0, 41.0, -288.0, 171.0, -41.0, 337.0, 10]
[70, -65, -45, 70, 0, 0, 0, 273.0, -375.0, 46.0, -273.0, 193.0, -46.0, 337.0, 10]
[130, -70, -45, 70, 0, 0, 0, 83.0, -395.0, 248.0, -83.0, 213.0, -248.0, 337.0, 10]
[130, -70, -35, 70, 0, 0, 0, 51.0, -404.0, 249.0, -51.0, 222.0, -249.0, 337.0, 10]
[130, -75, -25, 70, 0, 0, 0, 3.0, -428.0, 231.0, -3.0, 246.0, -231.0, 337.0, 10]
[130, -75, 10, 70, 0, 0, 0, -92.0, -458.0, 171.0, 92.0, 276.0, -171.0, 337.0, 10]
[130, -75, 15, 70, 0, 0, 0, -102.0, -462.0, 158.0, 102.0, 280.0, -158.0, 337.0, 10]
[130, -80, 15, 70, 0, 0, 0, -121.0, -463.0, 142.0, 121.0, 281.0, -142.0, 337.0, 10]
[130, -80, 40, 70, 0, 0, 0, -152.0, -476.0, 66.0, 152.0, 294.0, -66.0, 337.0, 10]
[130, -85, 5, 70, 0, 0, 0, -118.0, -459.0, 152.0, 118.0, 277.0, -152.0, 337.0, 10]
[135, 0, -20, 70, 0, 0, 0, 67.0, -116.0, 324.0, -67.0, -66.0, -324.0, 337.0, 10]
[135, 0, 20, 70, 0, 0, 0, 67.0, -248.0, 324.0, -67.0, 66.0, -324.0, 337.0, 10]
[135, -5, -5, 70, 0, 0, 0, 60.0, -189.0, 332.0, -60.0, 7.0, -332.0, 337.0, 10]
[135, -5, 45, 70, 0, 0, 0, 90.0, -342.0, 283.0, -90.0, 160.0, -283.0, 337.0, 10]
[135, -10, 20, 70, 0, 0, 0, 56.0, -295.0, 313.0, -56.0, 113.0, -313.0, 337.0, 10]
[135, -10, 35, 70, 0, 0, 0, 67.0, -339.0, 291.0, -67.0, 157.0, -291.0, 337.0, 10]
[135, -15, -30, 70, 0, 0, 0, 88.0, -160.0, 325.0, -88.0, -22.0, -325.0, 337.0, 10]
[135, -30, 0, 70, 0, 0, 0, 33.0, -320.0, 306.0, -33.0, 138.0, -306.0, 337.0, 10]
[135, -30, 40, 70, 0, 0, 0, 21.0, -428.0, 230.0, -21.0, 246.0, -230.0, 337.0, 10]
[135, -40, 15, 70, 0, 0, 0, -5.0, -398.0, 259.0, 5.0, 216.0, -259.0, 337.0, 10]
[135, -40, 40, 70, 0, 0, 0, -11.0, -455.0, 198.0, 11.0, 273.0, -198.0, 337.0, 10]
[10, -50, 30, 70, 0, 0, 0, 183.0, -456.0, -73.0, -183.0, 274.0, 73.0, 337.0, 15]
[10, -55, -40, 70, 0, 0, 0, 191.0, -337.0, -231.0, -191.0, 155.0, 231.0, 337.0, 15]
[10, -55, -30, 70, 0, 0, 0, 206.0, -353.0, -205.0, -206.0, 171.0, 205.0, 337.0, 15]
[10, -60, -45, 70, 0, 0, 0, 179.0, -353.0, -229.0, -179.0, 171.0, 229.0, 337.0, 15]
[10, -60, -5, 70, 0, 0, 0, 216.0, -413.0, -117.0, -216.0, 231.0, 117.0, 337.0, 15]
[10, -60, 5, 70, 0, 0, 0, 211.0, -430.0, -88.0, -211.0, 248.0, 88.0, 337.0, 15]
[10, -70, -5, 70, 0, 0, 0, 209.0, -436.0, -75.0, -209.0, 254.0, 75.0, 337.0, 15]
[10, -70, 15, 70, 0, 0, 0, 192.0, -459.0, -14.0, -192.0, 277.0, 14.0, 337.0, 15]
[10, -70, 35, 70, 0, 0, 0, 154.0, -480.0, 37.0, -154.0, 298.0, -37.0, 337.0, 15]
[10, -75, -40, 70, 0, 0, 0, 179.0, -417.0, -163.0, -179.0, 235.0, 163.0, 337.0, 15]
[10, -75, 15, 70, 0, 0, 0, 188.0, -462.0, 10.0, -188.0, 280.0, -10.0, 337.0, 15]
[10, -80, -35, 70, 0, 0, 0, 183.0, -435.0, -128.0, -183.0, 253.0, 128.0, 337.0, 15]
[10, -85, 5, 70, 0, 0, 0, 191.0, -459.0, 26.0, -191.0, 277.0, -26.0, 337.0, 15]
[15, 0, -20, 70, 0, 0, 0, 247.0, -116.0, -220.0, -247.0, -66.0, 220.0, 337.0, 15]
[15, 0, 20, 70, 0, 0, 0, 247.0, -248.0, -220.0, -247.0, 66.0, 220.0, 337.0, 15]
[15, -5, 0, 70, 0, 0, 0, 258.0, -206.0, -216.0, -258.0, 24.0, 216.0, 337.0, 15]
[15, -10, -20, 70, 0, 0, 0, 249.0, -165.0, -227.0, -249.0, -17.0, 227.0, 337.0, 15]
[15, -10, -15, 70, 0, 0, 0, 253.0, -181.0, -223.0, -253.0, -1.0, 223.0, 337.0, 15]
[15, -10, 10, 70, 0, 0, 0, 253.0, -263.0, -208.0, -253.0, 81.0, 208.0, 337.0, 15]
[70, -70, -25, 70, 0, 0, 0, 221.0, -414.0, 106.0, -221.0, 232.0, -106.0, 337.0, 15]
[70, -70, -5, 70, 0, 0, 0, 170.0, -436.0, 143.0, -170.0, 254.0, -143.0, 337.0, 15]
[70, -70, 15, 70, 0, 0, 0, 109.0, -459.0, 159.0, -109.0, 277.0, -159.0, 337.0, 15]
[70, -70, 30, 70, 0, 0, 0, 61.0, -475.0, 156.0, -61.0, 293.0, -156.0, 337.0, 15]
[70, -80, -35, 70, 0, 0, 0, 202.0, -435.0, 95.0, -202.0, 253.0, -95.0, 337.0, 15]
[70, -80, 15, 70, 0, 0, 0, 63.0, -463.0, 176.0, -63.0, 281.0, -176.0, 337.0, 15]
[70, -85, -5, 70, 0, 0, 0, 104.0, -456.0, 167.0, -104.0, 274.0, -167.0, 337.0, 15]
[70, -85, 30, 70, 0, 0, 0, -11.0, -466.0, 182.0, 11.0, 284.0, -182.0, 337.0, 15]
[75, -5, -45, 70, 0, 0, 0, 313.0, -70.0, 58.0, -313.0, -112.0, -58.0, 337.0, 15]
[75, -5, 45, 70, 0, 0, 0, 290.0, -342.0, 64.0, -290.0, 160.0, -64.0, 337.0, 15]
[75, -10, -10, 70, 0, 0, 0, 318.0, -197.0, 112.0, -318.0, 15.0, -112.0, 337.0, 15]
[75, -10, 15, 70, 0, 0, 0, 303.0, -279.0, 112.0, -303.0, 97.0, -112.0, 337.0, 15]
[75, -10, 20, 70, 0, 0, 0, 299.0, -295.0, 108.0, -299.0, 113.0, -108.0, 337.0, 15]
[75, -15, 10, 70, 0, 0, 0, 299.0, -286.0, 117.0, -299.0, 104.0, -117.0, 337.0, 15]
[75, -20, -20, 70, 0, 0, 0, 320.0, -215.0, 102.0, -320.0, 33.0, -102.0, 337.0, 15]
[75, -25, -30, 70, 0, 0, 0, 325.0, -211.0, 86.0, -325.0, 29.0, -86.0, 337.0, 15]
[75, -25, 5, 70, 0, 0, 0, 285.0, -314.0, 123.0, -285.0, 132.0, -123.0, 337.0, 15]
[75, -25, 15, 70, 0, 0, 0, 270.0, -344.0, 121.0, -270.0, 162.0, -121.0, 337.0, 15]
[75, -25, 25, 70, 0, 0, 0, 254.0, -373.0, 113.0, -254.0, 191.0, -113.0, 337.0, 15]
[135, -45, -30, 70, 0, 0, 0, 68.0, -309.0, 305.0, -68.0, 127.0, -305.0, 337.0, 15]
[135, -45, -25, 70, 0, 0, 0, 55.0, -320.0, 303.0, -55.0, 138.0, -303.0, 337.0, 15]
[135, -50, -5, 70, 0, 0, 0, -1.0, -383.0, 271.0, 1.0, 201.0, -271.0, 337.0, 15]
[135, -55, -45, 70, 0, 0, 0, 95.0, -330.0, 288.0, -95.0, 148.0, -288.0, 337.0, 15]
[135, -55, -5, 70, 0, 0, 0, -14.0, -399.0, 258.0, 14.0, 217.0, -258.0, 337.0, 15]
[135, -65, -40, 70, 0, 0, 0, 58.0, -380.0, 267.0, -58.0, 198.0, -267.0, 337.0, 15]
[135, -65, -25, 70, 0, 0, 0, 11.0, -398.0, 259.0, -11.0, 216.0, -259.0, 337.0, 15]
[135, -70, -25, 70, 0, 0, 0, -3.0, -414.0, 245.0, 3.0, 232.0, -245.0, 337.0, 15]
[135, -70, -15, 70, 0, 0, 0, -32.0, -425.0, 232.0, 32.0, 243.0, -232.0, 337.0, 15]
[135, -75, -30, 70, 0, 0, 0, -2.0, -424.0, 235.0, 2.0, 242.0, -235.0, 337.0, 15]
[135, -80, -35, 70, 0, 0, 0, -1.0, -435.0, 223.0, 1.0, 253.0, -223.0, 337.0, 15]
[135, -80, 15, 70, 0, 0, 0, -133.0, -463.0, 131.0, 133.0, 281.0, -131.0, 337.0, 15]
[135, -80, 40, 70, 0, 0, 0, -157.0, -476.0, 52.0, 157.0, 294.0, -52.0, 337.0, 15]
[135, -85, -35, 70, 0, 0, 0, -17.0, -448.0, 207.0, 17.0, 266.0, -207.0, 337.0, 15]
[135, -85, -5, 70, 0, 0, 0, -107.0, -456.0, 165.0, 107.0, 274.0, -165.0, 337.0, 15]
[135, -85, 15, 70, 0, 0, 0, -150.0, -462.0, 114.0, 150.0, 280.0, -114.0, 337.0, 15]
[15, -10, 20, 70, 0, 0, 0, 243.0, -295.0, -205.0, -243.0, 113.0, 205.0, 337.0, 20]
[15, -15, -25, 70, 0, 0, 0, 244.0, -175.0, -233.0, -244.0, -7.0, 233.0, 337.0, 20]
[15, -15, 5, 70, 0, 0, 0, 254.0, -270.0, -204.0, -254.0, 88.0, 204.0, 337.0, 20]
[15, -15, 15, 70, 0, 0, 0, 246.0, -302.0, -197.0, -246.0, 120.0, 197.0, 337.0, 20]
[15, -20, -10, 70, 0, 0, 0, 254.0, -245.0, -213.0, -254.0, 63.0, 213.0, 337.0, 20]
[15, -25, -25, 70, 0, 0, 0, 243.0, -225.0, -230.0, -243.0, 43.0, 230.0, 337.0, 20]
[15, -25, 20, 70, 0, 0, 0, 233.0, -359.0, -168.0, -233.0, 177.0, 168.0, 337.0, 20]
[15, -30, -40, 70, 0, 0, 0, 221.0, -213.0, -253.0, -221.0, 31.0, 253.0, 337.0, 20]
[15, -30, -15, 70, 0, 0, 0, 249.0, -277.0, -207.0, -249.0, 95.0, 207.0, 337.0, 20]
[15, -40, 15, 70, 0, 0, 0, 227.0, -398.0, -125.0, -227.0, 216.0, 125.0, 337.0, 20]
[15, -40, 40, 70, 0, 0, 0, 177.0, -455.0, -89.0, -177.0, 273.0, 89.0, 337.0, 20]
[15, -45, -15, 70, 0, 0, 0, 240.0, -342.0, -175.0, -240.0, 160.0, 175.0, 337.0, 20]
[15, -55, -45, 70, 0, 0, 0, 202.0, -330.0, -226.0, -202.0, 148.0, 226.0, 337.0, 20]
[15, -55, 45, 70, 0, 0, 0, 144.0, -487.0, -10.0, -144.0, 305.0, 10.0, 337.0, 20]
[15, -60, -30, 70, 0, 0, 0, 219.0, -373.0, -171.0, -219.0, 191.0, 171.0, 337.0, 20]
[15, -60, 45, 70, 0, 0, 0, 137.0, -490.0, 16.0, -137.0, 308.0, -16.0, 337.0, 20]
[15, -70, -45, 70, 0, 0, 0, 190.0, -395.0, -180.0, -190.0, 213.0, 180.0, 337.0, 20]
[15, -70, 0, 70, 0, 0, 0, 211.0, -442.0, -41.0, -211.0, 260.0, 41.0, 337.0, 20]
[15, -75, -25, 70, 0, 0, 0, 208.0, -428.0, -100.0, -208.0, 246.0, 100.0, 337.0, 20]
[75, -30, 5, 70, 0, 0, 0, 273.0, -335.0, 126.0, -273.0, 153.0, -126.0, 337.0, 20]
[75, -30, 30, 70, 0, 0, 0, 228.0, -404.0, 112.0, -228.0, 222.0, -112.0, 337.0, 20]
[75, -35, -40, 70, 0, 0, 0, 326.0, -239.0, 66.0, -326.0, 57.0, -66.0, 337.0, 20]
[75, -40, 15, 70, 0, 0, 0, 222.0, -398.0, 134.0, -222.0, 216.0, -134.0, 337.0, 20]
[75, -45, -10, 70, 0, 0, 0, 261.0, -354.0, 127.0, -261.0, 172.0, -127.0, 337.0, 20]
[75, -45, 15, 70, 0, 0, 0, 203.0, -413.0, 139.0, -203.0, 231.0, -139.0, 337.0, 20]
[75, -45, 30, 70, 0, 0, 0, 166.0, -446.0, 129.0, -166.0, 264.0, -129.0, 337.0, 20]
[75, -50, -40, 70, 0, 0, 0, 302.0, -314.0, 72.0, -302.0, 132.0, -72.0, 337.0, 20]
[75, -50, 15, 70, 0, 0, 0, 183.0, -426.0, 144.0, -183.0, 244.0, -144.0, 337.0, 20]
[75, -55, -40, 70, 0, 0, 0, 290.0, -337.0, 76.0, -290.0, 155.0, -76.0, 337.0, 20]
[75, -55, -30, 70, 0, 0, 0, 273.0, -353.0, 100.0, -273.0, 171.0, -100.0, 337.0, 20]
[75, -55, 30, 70, 0, 0, 0, 120.0, -464.0, 141.0, -120.0, 282.0, -141.0, 337.0, 20]
[75, -60, -30, 70, 0, 0, 0, 258.0, -373.0, 104.0, -258.0, 191.0, -104.0, 337.0, 20]
[75, -65, -40, 70, 0, 0, 0, 260.0, -380.0, 84.0, -260.0, 198.0, -84.0, 337.0, 20]
[75, -70, -45, 70, 0, 0, 0, 251.0, -395.0, 74.0, -251.0, 213.0, -74.0, 337.0, 20]
[75, -70, 15, 70, 0, 0, 0, 94.0, -459.0, 168.0, -94.0, 277.0, -168.0, 337.0, 20]
[75, -75, -45, 70, 0, 0, 0, 232.0, -414.0, 79.0, -232.0, 232.0, -79.0, 337.0, 20]
[75, -75, -25, 70, 0, 0, 0, 191.0, -428.0, 130.0, -191.0, 246.0, -130.0, 337.0, 20]
[75, -80, -35, 70, 0, 0, 0, 193.0, -435.0, 112.0, -193.0, 253.0, -112.0, 337.0, 20]
[15, -80, -40, 70, 0, 0, 0, 187.0, -433.0, -126.0, -187.0, 251.0, 126.0, 337.0, 25]
[15, -80, 15, 70, 0, 0, 0, 180.0, -463.0, 50.0, -180.0, 281.0, -50.0, 337.0, 25]
[15, -85, -30, 70, 0, 0, 0, 193.0, -449.0, -73.0, -193.0, 267.0, 73.0, 337.0, 25]
[15, -85, 30, 70, 0, 0, 0, 143.0, -466.0, 113.0, -143.0, 284.0, -113.0, 337.0, 25]
[20, 0, -45, 70, 0, 0, 0, 223.0, -45.0, -213.0, -223.0, -137.0, 213.0, 337.0, 25]
[20, 0, -15, 70, 0, 0, 0, 270.0, -132.0, -196.0, -270.0, -50.0, 196.0, 337.0, 25]
[20, 0, 15, 70, 0, 0, 0, 270.0, -232.0, -196.0, -270.0, 50.0, 196.0, 337.0, 25]
[20, 0, 45, 70, 0, 0, 0, 223.0, -319.0, -213.0, -223.0, 137.0, 213.0, 337.0, 25]
[20, -5, -20, 70, 0, 0, 0, 267.0, -140.0, -202.0, -267.0, -42.0, 202.0, 337.0, 25]
[20, -10, -5, 70, 0, 0, 0, 275.0, -213.0, -193.0, -275.0, 31.0, 193.0, 337.0, 25]
[20, -10, 20, 70, 0, 0, 0, 260.0, -295.0, -183.0, -260.0, 113.0, 183.0, 337.0, 25]
[20, -25, -45, 70, 0, 0, 0, 234.0, -175.0, -243.0, -234.0, -7.0, 243.0, 337.0, 25]
[20, -25, 15, 70, 0, 0, 0, 254.0, -344.0, -152.0, -254.0, 162.0, 152.0, 337.0, 25]
[20, -30, -20, 70, 0, 0, 0, 264.0, -263.0, -194.0, -264.0, 81.0, 194.0, 337.0, 25]
[20, -35, -10, 70, 0, 0, 0, 263.0, -313.0, -166.0, -263.0, 131.0, 166.0, 337.0, 25]
[20, -40, -30, 70, 0, 0, 0, 251.0, -286.0, -200.0, -251.0, 104.0, 200.0, 337.0, 25]
[20, -40, -10, 70, 0, 0, 0, 259.0, -334.0, -154.0, -259.0, 152.0, 154.0, 337.0, 25]
[20, -40, 0, 70, 0, 0, 0, 254.0, -360.0, -133.0, -254.0, 178.0, 133.0, 337.0, 25]
[20, -40, 15, 70, 0, 0, 0, 237.0, -398.0, -105.0, -237.0, 216.0, 105.0, 337.0, 25]
[75, -85, 5, 70, 0, 0, 0, 57.0, -459.0, 184.0, -57.0, 277.0, -184.0, 337.0, 25]
[75, -85, 15, 70, 0, 0, 0, 23.0, -462.0, 187.0, -23.0, 280.0, -187.0, 337.0, 25]
[80, 0, -40, 70, 0, 0, 0, 298.0, -58.0, 98.0, -298.0, -124.0, -98.0, 337.0, 25]
[80, 0, 40, 70, 0, 0, 0, 298.0, -306.0, 98.0, -298.0, 124.0, -98.0, 337.0, 25]
[80, -5, -15, 70, 0, 0, 0, 308.0, -156.0, 135.0, -308.0, -26.0, -135.0, 337.0, 25]
[80, -10, -10, 70, 0, 0, 0, 307.0, -197.0, 139.0, -307.0, 15.0, -139.0, 337.0, 25]
[80, -30, -45, 70, 0, 0, 0, 327.0, -202.0, 81.0, -327.0, 20.0, -81.0, 337.0, 25]
[80, -30, 25, 70, 0, 0, 0, 226.0, -391.0, 138.0, -226.0, 209.0, -138.0, 337.0, 25]
[80, -35, -40, 70, 0, 0, 0, 319.0, -239.0, 94.0, -319.0, 57.0, -94.0, 337.0, 25]
[80, -40, -40, 70, 0, 0, 0, 313.0, -265.0, 95.0, -313.0, 83.0, -95.0, 337.0, 25]
[80, -40, -30, 70, 0, 0, 0, 299.0, -286.0, 117.0, -299.0, 104.0, -117.0, 337.0, 25]
[80, -40, -20, 70, 0, 0, 0, 282.0, -309.0, 135.0, -282.0, 127.0, -135.0, 337.0, 25]
[80, -40, -10, 70, 0, 0, 0, 263.0, -334.0, 147.0, -263.0, 152.0, -147.0, 337.0, 25]
[80, -45, -30, 70, 0, 0, 0, 289.0, -309.0, 119.0, -289.0, 127.0, -119.0, 337.0, 25]
[80, -45, 15, 70, 0, 0, 0, 190.0, -413.0, 156.0, -190.0, 231.0, -156.0, 337.0, 25]
[80, -50, -30, 70, 0, 0, 0, 277.0, -332.0, 121.0, -277.0, 150.0, -121.0, 337.0, 25]
[80, -50, 30, 70, 0, 0, 0, 131.0, -456.0, 147.0, -131.0, 274.0, -147.0, 337.0, 25]
[80, -55, -15, 70, 0, 0, 0, 229.0, -380.0, 149.0, -229.0, 198.0, -149.0, 337.0, 25]
[80, -55, 30, 70, 0, 0, 0, 107.0, -464.0, 151.0, -107.0, 282.0, -151.0, 337.0, 25]
[20, -50, 15, 70, 0, 0, 0, 223.0, -426.0, -67.0, -223.0, 244.0, 67.0, 337.0, 30]
[20, -55, -5, 70, 0, 0, 0, 240.0, -399.0, -96.0, -240.0, 217.0, 96.0, 337.0, 30]
[20, -60, -35, 70, 0, 0, 0, 229.0, -366.0, -166.0, -229.0, 184.0, 166.0, 337.0, 30]
[20, -60, -10, 70, 0, 0, 0, 236.0, -405.0, -92.0, -236.0, 223.0, 92.0, 337.0, 30]
[20, -60, 35, 70, 0, 0, 0, 163.0, -477.0, 14.0, -163.0, 295.0, -14.0, 337.0, 30]
[20, -60, 45, 70, 0, 0, 0, 135.0, -490.0, 28.0, -135.0, 308.0, -28.0, 337.0, 30]
[20, -65, -35, 70, 0, 0, 0, 223.0, -386.0, -150.0, -223.0, 204.0, 150.0, 337.0, 30]
[20, -65, -20, 70, 0, 0, 0, 231.0, -405.0, -104.0, -231.0, 223.0, 104.0, 337.0, 30]
[20, -75, -25, 70, 0, 0, 0, 216.0, -428.0, -82.0, -216.0, 246.0, 82.0, 337.0, 30]
[20, -75, -20, 70, 0, 0, 0, 217.0, -432.0, -65.0, -217.0, 250.0, 65.0, 337.0, 30]
[20, -80, 15, 70, 0, 0, 0, 175.0, -463.0, 65.0, -175.0, 281.0, -65.0, 337.0, 30]
[20, -85, -5, 70, 0, 0, 0, 195.0, -456.0, 27.0, -195.0, 274.0, -27.0, 337.0, 30]
[25, 0, -40, 70, 0, 0, 0, 251.0, -58.0, -188.0, -251.0, -124.0, 188.0, 337.0, 30]
[25, 0, 0, 70, 0, 0, 0, 292.0, -182.0, -169.0, -292.0, 0.0, 169.0, 337.0, 30]
[25, 0, 40, 70, 0, 0, 0, 251.0, -306.0, -188.0, -251.0, 124.0, 188.0, 337.0, 30]
[25, -10, -5, 70, 0, 0, 0, 291.0, -213.0, -168.0, -291.0, 31.0, 168.0, 337.0, 30]
[25, -25, 25, 70, 0, 0, 0, 250.0, -373.0, -122.0, -250.0, 191.0, 122.0, 337.0, 30]
[25, -30, 40, 70, 0, 0, 0, 209.0, -428.0, -98.0, -209.0, 246.0, 98.0, 337.0, 30]
[25, -35, 30, 70, 0, 0, 0, 224.0, -420.0, -84.0, -224.0, 238.0, 84.0, 337.0, 30]
[80, -60, -30, 70, 0, 0, 0, 248.0, -373.0, 126.0, -248.0, 191.0, -126.0, 337.0, 30]
[80, -60, -5, 70, 0, 0, 0, 184.0, -413.0, 163.0, -184.0, 231.0, -163.0, 337.0, 30]
[80, -60, 5, 70, 0, 0, 0, 155.0, -430.0, 168.0, -155.0, 248.0, -168.0, 337.0, 30]
[80, -60, 45, 70, 0, 0, 0, 43.0, -490.0, 131.0, -43.0, 308.0, -131.0, 337.0, 30]
[80, -70, -25, 70, 0, 0, 0, 199.0, -414.0, 143.0, -199.0, 232.0, -143.0, 337.0, 30]
[80, -70, 30, 70, 0, 0, 0, 33.0, -475.0, 164.0, -33.0, 293.0, -164.0, 337.0, 30]
[80, -75, 15, 70, 0, 0, 0, 55.0, -462.0, 180.0, -55.0, 280.0, -180.0, 337.0, 30]
[80, -80, -20, 70, 0, 0, 0, 143.0, -443.0, 159.0, -143.0, 261.0, -159.0, 337.0, 30]
[80, -80, 15, 70, 0, 0, 0, 31.0, -463.0, 184.0, -31.0, 281.0, -184.0, 337.0, 30]
[80, -85, -20, 70, 0, 0, 0, 120.0, -452.0, 163.0, -120.0, 270.0, -163.0, 337.0, 30]
[85, -5, -35, 70, 0, 0, 0, 298.0, -96.0, 133.0, -298.0, -86.0, -133.0, 337.0, 30]
[85, -10, -5, 70, 0, 0, 0, 291.0, -213.0, 168.0, -291.0, 31.0, -168.0, 337.0, 30]
[85, -10, 15, 70, 0, 0, 0, 279.0, -279.0, 163.0, -279.0, 97.0, -163.0, 337.0, 30]
[85, -10, 35, 70, 0, 0, 0, 266.0, -339.0, 136.0, -266.0, 157.0, -136.0, 337.0, 30]
[85, -15, -20, 70, 0, 0, 0, 299.0, -190.0, 156.0, -299.0, 8.0, -156.0, 337.0, 30]
[85, -15, 10, 70, 0, 0, 0, 274.0, -286.0, 167.0, -274.0, 104.0, -167.0, 337.0, 30]
[85, -20, -10, 70, 0, 0, 0, 287.0, -245.0, 166.0, -287.0, 63.0, -166.0, 337.0, 30]
[85, -20, 10, 70, 0, 0, 0, 264.0, -308.0, 168.0, -264.0, 126.0, -168.0, 337.0, 30]
[85, -25, -40, 70, 0, 0, 0, 315.0, -186.0, 121.0, -315.0, 4.0, -121.0, 337.0, 30]
[25, -40, 40, 70, 0, 0, 0, 190.0, -455.0, -57.0, -190.0, 273.0, 57.0, 337.0, 35]
[25, -45, 15, 70, 0, 0, 0, 237.0, -413.0, -66.0, -237.0, 231.0, 66.0, 337.0, 35]
[25, -45, 35, 70, 0, 0, 0, 193.0, -456.0, -39.0, -193.0, 274.0, 39.0, 337.0, 35]
[25, -50, -5, 70, 0, 0, 0, 255.0, -383.0, -92.0, -255.0, 201.0, 92.0, 337.0, 35]
[25, -50, 15, 70, 0, 0, 0, 228.0, -426.0, -48.0, -228.0, 244.0, 48.0, 337.0, 35]
[25, -55, -35, 70, 0, 0, 0, 249.0, -345.0, -159.0, -249.0, 163.0, 159.0, 337.0, 35]
[25, -55, 40, 70, 0, 0, 0, 158.0, -480.0, 11.0, -158.0, 298.0, -11.0, 337.0, 35]
[25, -60, -5, 70, 0, 0, 0, 239.0, -413.0, -57.0, -239.0, 231.0, 57.0, 337.0, 35]
[25, -60, 45, 70, 0, 0, 0, 132.0, -490.0, 40.0, -132.0, 308.0, -40.0, 337.0, 35]
[25, -70, -30, 70, 0, 0, 0, 230.0, -409.0, -97.0, -230.0, 227.0, 97.0, 337.0, 35]
[25, -70, -15, 70, 0, 0, 0, 229.0, -425.0, -49.0, -229.0, 243.0, 49.0, 337.0, 35]
[25, -70, 0, 70, 0, 0, 0, 215.0, -442.0, -4.0, -215.0, 260.0, 4.0, 337.0, 35]
[25, -75, -40, 70, 0, 0, 0, 215.0, -417.0, -111.0, -215.0, 235.0, 111.0, 337.0, 35]
[25, -75, -20, 70, 0, 0, 0, 222.0, -432.0, -46.0, -222.0, 250.0, 46.0, 337.0, 35]
[25, -75, 15, 70, 0, 0, 0, 179.0, -462.0, 58.0, -179.0, 280.0, -58.0, 337.0, 35]
[25, -80, -35, 70, 0, 0, 0, 210.0, -435.0, -76.0, -210.0, 253.0, 76.0, 337.0, 35]
[25, -85, -5, 70, 0, 0, 0, 192.0, -456.0, 44.0, -192.0, 274.0, -44.0, 337.0, 35]
[25, -85, 30, 70, 0, 0, 0, 121.0, -466.0, 136.0, -121.0, 284.0, -136.0, 337.0, 35]
[30, 0, -15, 70, 0, 0, 0, 300.0, -132.0, -146.0, -300.0, -50.0, 146.0, 337.0, 35]
[85, -25, 15, 70, 0, 0, 0, 245.0, -344.0, 166.0, -245.0, 162.0, -166.0, 337.0, 35]
[85, -30, 25, 70, 0, 0, 0, 213.0, -391.0, 157.0, -213.0, 209.0, -157.0, 337.0, 35]
[85, -30, 30, 70, 0, 0, 0, 205.0, -404.0, 150.0, -205.0, 222.0, -150.0, 337.0, 35]
[85, -35, -5, 70, 0, 0, 0, 252.0, -327.0, 171.0, -252.0, 145.0, -171.0, 337.0, 35]
[85, -50, -5, 70, 0, 0, 0, 207.0, -383.0, 175.0, -207.0, 201.0, -175.0, 337.0, 35]
[85, -50, 15, 70, 0, 0, 0, 155.0, -426.0, 174.0, -155.0, 244.0, -174.0, 337.0, 35]
[85, -55, 10, 70, 0, 0, 0, 147.0, -428.0, 178.0, -147.0, 246.0, -178.0, 337.0, 35]
[85, -55, 45, 70, 0, 0, 0, 58.0, -487.0, 132.0, -58.0, 305.0, -132.0, 337.0, 35]
[85, -60, 5, 70, 0, 0, 0, 140.0, -430.0, 181.0, -140.0, 248.0, -181.0, 337.0, 35]
[85, -60, 35, 70, 0, 0, 0, 56.0, -477.0, 154.0, -56.0, 295.0, -154.0, 337.0, 35]
[85, -70, -45, 70, 0, 0, 0, 234.0, -395.0, 117.0, -234.0, 213.0, -117.0, 337.0, 35]
[85, -70, -5, 70, 0, 0, 0, 127.0, -436.0, 182.0, -127.0, 254.0, -182.0, 337.0, 35]
[85, -75, -20, 70, 0, 0, 0, 151.0, -432.0, 169.0, -151.0, 250.0, -169.0, 337.0, 35]
[85, -75, -5, 70, 0, 0, 0, 104.0, -445.0, 184.0, -104.0, 263.0, -184.0, 337.0, 35]
[85, -75, 15, 70, 0, 0, 0, 39.0, -462.0, 184.0, -39.0, 280.0, -184.0, 337.0, 35]
[85, -80, 15, 70, 0, 0, 0, 15.0, -463.0, 186.0, -15.0, 281.0, -186.0, 337.0, 35]
[85, -80, 40, 70, 0, 0, 0, -61.0, -476.0, 154.0, 61.0, 294.0, -154.0, 337.0, 35]
[85, -85, -30, 70, 0, 0, 0, 135.0, -449.0, 156.0, -135.0, 267.0, -156.0, 337.0, 35]
[85, -85, 5, 70, 0, 0, 0, 24.0, -459.0, 191.0, -24.0, 277.0, -191.0, 337.0, 35]
[30, 0, -5, 70, 0, 0, 0, 305.0, -165.0, -143.0, -305.0, -17.0, 143.0, 337.0, 40]
[30, 0, 5, 70, 0, 0, 0, 305.0, -199.0, -143.0, -305.0, 17.0, 143.0, 337.0, 40]
[30, 0, 15, 70, 0, 0, 0, 300.0, -232.0, -146.0, -300.0, 50.0, 146.0, 337.0, 40]
[30, -5, -30, 70, 0, 0, 0, 287.0, -110.0, -162.0, -287.0, -72.0, 162.0, 337.0, 40]
[30, -5, -25, 70, 0, 0, 0, 293.0, -125.0, -157.0, -293.0, -57.0, 157.0, 337.0, 40]
[30, -15, -35, 70, 0, 0, 0, 285.0, -146.0, -177.0, -285.0, -36.0, 177.0, 337.0, 40]
[30, -15, 30, 70, 0, 0, 0, 266.0, -347.0, -126.0, -266.0, 165.0, 126.0, 337.0, 40]
[30, -20, 10, 70, 0, 0, 0, 289.0, -308.0, -120.0, -289.0, 126.0, 120.0, 337.0, 40]
[30, -20, 35, 70, 0, 0, 0, 248.0, -381.0, -113.0, -248.0, 199.0, 113.0, 337.0, 40]
[30, -20, 45, 70, 0, 0, 0, 225.0, -405.0, -116.0, -225.0, 223.0, 116.0, 337.0, 40]
[30, -30, -40, 70, 0, 0, 0, 279.0, -213.0, -187.0, -279.0, 31.0, 187.0, 337.0, 40]
[30, -30, -10, 70, 0, 0, 0, 293.0, -291.0, -127.0, -293.0, 109.0, 127.0, 337.0, 40]
[30, -45, -35, 70, 0, 0, 0, 274.0, -299.0, -158.0, -274.0, 117.0, 158.0, 337.0, 40]
[30, -45, -30, 70, 0, 0, 0, 277.0, -309.0, -145.0, -277.0, 127.0, 145.0, 337.0, 40]
[30, -50, -5, 70, 0, 0, 0, 262.0, -383.0, -69.0, -262.0, 201.0, 69.0, 337.0, 40]
[30, -55, -30, 70, 0, 0, 0, 264.0, -353.0, -122.0, -264.0, 171.0, 122.0, 337.0, 40]
[30, -60, -30, 70, 0, 0, 0, 256.0, -373.0, -109.0, -256.0, 191.0, 109.0, 337.0, 40]
[30, -60, 35, 70, 0, 0, 0, 158.0, -477.0, 43.0, -158.0, 295.0, -43.0, 337.0, 40]
[30, -65, -40, 70, 0, 0, 0, 243.0, -380.0, -125.0, -243.0, 198.0, 125.0, 337.0, 40]
[85, -85, 30, 70, 0, 0, 0, -57.0, -466.0, 173.0, 57.0, 284.0, -173.0, 337.0, 40]
[90, -10, -40, 70, 0, 0, 0, 294.0, -108.0, 148.0, -294.0, -74.0, -148.0, 337.0, 40]
[90, -15, -15, 70, 0, 0, 0, 280.0, -205.0, 187.0, -280.0, 23.0, -187.0, 337.0, 40]
[90, -20, -25, 70, 0, 0, 0, 288.0, -200.0, 175.0, -288.0, 18.0, -175.0, 337.0, 40]
[90, -20, 45, 70, 0, 0, 0, 213.0, -405.0, 137.0, -213.0, 223.0, -137.0, 337.0, 40]
[90, -25, 25, 70, 0, 0, 0, 216.0, -373.0, 175.0, -216.0, 191.0, -175.0, 337.0, 40]
[90, -40, 40, 70, 0, 0, 0, 132.0, -455.0, 148.0, -132.0, 273.0, -148.0, 337.0, 40]
[90, -50, -40, 70, 0, 0, 0, 273.0, -314.0, 148.0, -273.0, 132.0, -148.0, 337.0, 40]
[90, -65, -25, 70, 0, 0, 0, 191.0, -398.0, 175.0, -191.0, 216.0, -175.0, 337.0, 40]
[90, -70, -45, 70, 0, 0, 0, 223.0, -395.0, 137.0, -223.0, 213.0, -137.0, 337.0, 40]
[90, -70, 25, 70, 0, 0, 0, 18.0, -470.0, 175.0, -18.0, 288.0, -175.0, 337.0, 40]
[90, -75, 15, 70, 0, 0, 0, 23.0, -462.0, 187.0, -23.0, 280.0, -187.0, 337.0, 40]
[90, -80, 40, 70, 0, 0, 0, -74.0, -476.0, 148.0, 74.0, 294.0, -148.0, 337.0, 40]
[95, -5, 45, 70, 0, 0, 0, 251.0, -342.0, 159.0, -251.0, 160.0, -159.0, 337.0, 40]
[95, -10, -45, 70, 0, 0, 0, 283.0, -95.0, 162.0, -283.0, -87.0, -162.0, 337.0, 40]
[95, -10, -40, 70, 0, 0, 0, 280.0, -108.0, 173.0, -280.0, -74.0, -173.0, 337.0, 40]
[95, -10, 30, 70, 0, 0, 0, 240.0, -325.0, 189.0, -240.0, 143.0, -189.0, 337.0, 40]
[95, -15, 10, 70, 0, 0, 0, 241.0, -286.0, 212.0, -241.0, 104.0, -212.0, 337.0, 40]
[95, -15, 15, 70, 0, 0, 0, 237.0, -302.0, 208.0, -237.0, 120.0, -208.0, 337.0, 40]
[30, -65, 10, 70, 0, 0, 0, 208.0, -447.0, 20.0, -208.0, 265.0, -20.0, 337.0, 45]
[30, -70, -45, 70, 0, 0, 0, 230.0, -395.0, -125.0, -230.0, 213.0, 125.0, 337.0, 45]
[30, -70, -5, 70, 0, 0, 0, 222.0, -436.0, 1.0, -222.0, 254.0, -1.0, 337.0, 45]
[30, -75, -45, 70, 0, 0, 0, 220.0, -414.0, -108.0, -220.0, 232.0, 108.0, 337.0, 45]
[30, -75, -40, 70, 0, 0, 0, 224.0, -417.0, -92.0, -224.0, 235.0, 92.0, 337.0, 45]
[30, -75, -25, 70, 0, 0, 0, 227.0, -428.0, -43.0, -227.0, 246.0, 43.0, 337.0, 45]
[30, -75, -20, 70, 0, 0, 0, 225.0, -432.0, -27.0, -225.0, 250.0, 27.0, 337.0, 45]
[30, -85, -30, 70, 0, 0, 0, 205.0, -449.0, -21.0, -205.0, 267.0, 21.0, 337.0, 45]
[30, -85, -5, 70, 0, 0, 0, 187.0, -456.0, 61.0, -187.0, 274.0, -61.0, 337.0, 45]
[30, -85, 30, 70, 0, 0, 0, 109.0, -466.0, 146.0, -109.0, 284.0, -146.0, 337.0, 45]
[35, -5, 5, 70, 0, 0, 0, 315.0, -223.0, -114.0, -315.0, 41.0, 114.0, 337.0, 45]
[35, -10, -35, 70, 0, 0, 0, 297.0, -121.0, -148.0, -297.0, -61.0, 148.0, 337.0, 45]
[35, -10, -30, 70, 0, 0, 0, 303.0, -135.0, -141.0, -303.0, -47.0, 141.0, 337.0, 45]
[35, -10, -25, 70, 0, 0, 0, 308.0, -150.0, -134.0, -308.0, -32.0, 134.0, 337.0, 45]
[35, -10, 30, 70, 0, 0, 0, 284.0, -325.0, -113.0, -284.0, 143.0, 113.0, 337.0, 45]
[35, -15, -40, 70, 0, 0, 0, 293.0, -133.0, -160.0, -293.0, -49.0, 160.0, 337.0, 45]
[35, -15, 30, 70, 0, 0, 0, 276.0, -347.0, -102.0, -276.0, 165.0, 102.0, 337.0, 45]
[35, -25, -45, 70, 0, 0, 0, 289.0, -175.0, -174.0, -289.0, -7.0, 174.0, 337.0, 45]
[35, -30, -10, 70, 0, 0, 0, 303.0, -291.0, -101.0, -303.0, 109.0, 101.0, 337.0, 45]
[95, -25, -30, 70, 0, 0, 0, 276.0, -211.0, 192.0, -276.0, 29.0, -192.0, 337.0, 45]
[95, -25, 5, 70, 0, 0, 0, 226.0, -314.0, 213.0, -226.0, 132.0, -213.0, 337.0, 45]
[95, -25, 45, 70, 0, 0, 0, 180.0, -423.0, 153.0, -180.0, 241.0, -153.0, 337.0, 45]
[95, -40, -10, 70, 0, 0, 0, 216.0, -334.0, 210.0, -216.0, 152.0, -210.0, 337.0, 45]
[95, -40, 0, 70, 0, 0, 0, 194.0, -360.0, 211.0, -194.0, 178.0, -211.0, 337.0, 45]
[95, -45, -35, 70, 0, 0, 0, 259.0, -299.0, 182.0, -259.0, 117.0, -182.0, 337.0, 45]
[95, -45, -15, 70, 0, 0, 0, 214.0, -342.0, 206.0, -214.0, 160.0, -206.0, 337.0, 45]
[95, -50, 0, 70, 0, 0, 0, 160.0, -394.0, 208.0, -160.0, 212.0, -208.0, 337.0, 45]
[95, -50, 15, 70, 0, 0, 0, 123.0, -426.0, 198.0, -123.0, 244.0, -198.0, 337.0, 45]
[95, -55, 45, 70, 0, 0, 0, 35.0, -487.0, 140.0, -35.0, 305.0, -140.0, 337.0, 45]
[95, -60, -5, 70, 0, 0, 0, 136.0, -413.0, 205.0, -136.0, 231.0, -205.0, 337.0, 45]
[95, -65, -45, 70, 0, 0, 0, 228.0, -375.0, 157.0, -228.0, 193.0, -157.0, 337.0, 45]
[95, -65, -25, 70, 0, 0, 0, 175.0, -398.0, 191.0, -175.0, 216.0, -191.0, 337.0, 45]
[95, -70, -35, 70, 0, 0, 0, 184.0, -404.0, 175.0, -184.0, 222.0, -175.0, 337.0, 45]
[95, -70, 15, 70, 0, 0, 0, 31.0, -459.0, 190.0, -31.0, 277.0, -190.0, 337.0, 45]
[95, -70, 30, 70, 0, 0, 0, -11.0, -475.0, 167.0, 11.0, 293.0, -167.0, 337.0, 45]
[95, -75, -40, 70, 0, 0, 0, 178.0, -417.0, 164.0, -178.0, 235.0, -164.0, 337.0, 45]
[95, -75, -30, 70, 0, 0, 0, 150.0, -424.0, 181.0, -150.0, 242.0, -181.0, 337.0, 45]
[95, -75, 15, 70, 0, 0, 0, 7.0, -462.0, 188.0, -7.0, 280.0, -188.0, 337.0, 45]
[35, -30, 0, 70, 0, 0, 0, 296.0, -320.0, -85.0, -296.0, 138.0, 85.0, 337.0, 50]
[35, -30, 40, 70, 0, 0, 0, 223.0, -428.0, -60.0, -223.0, 246.0, 60.0, 337.0, 50]
[35, -35, -10, 70, 0, 0, 0, 297.0, -313.0, -92.0, -297.0, 131.0, 92.0, 337.0, 50]
[35, -40, -45, 70, 0, 0, 0, 284.0, -255.0, -167.0, -284.0, 73.0, 167.0, 337.0, 50]
[35, -40, 15, 70, 0, 0, 0, 256.0, -398.0, -40.0, -256.0, 216.0, 40.0, 337.0, 50]
[35, -40, 40, 70, 0, 0, 0, 197.0, -455.0, -23.0, -197.0, 273.0, 23.0, 337.0, 50]
[35, -45, 30, 70, 0, 0, 0, 210.0, -446.0, -8.0, -210.0, 264.0, 8.0, 337.0, 50]
[35, -50, -45, 70, 0, 0, 0, 274.0, -306.0, -153.0, -274.0, 124.0, 153.0, 337.0, 50]
[35, -50, -5, 70, 0, 0, 0, 267.0, -383.0, -46.0, -267.0, 201.0, 46.0, 337.0, 50]
[35, -50, 15, 70, 0, 0, 0, 233.0, -426.0, -7.0, -233.0, 244.0, 7.0, 337.0, 50]
[35, -55, 10, 70, 0, 0, 0, 231.0, -428.0, 2.0, -231.0, 246.0, -2.0, 337.0, 50]
[35, -60, -35, 70, 0, 0, 0, 264.0, -366.0, -101.0, -264.0, 184.0, 101.0, 337.0, 50]
[35, -60, 35, 70, 0, 0, 0, 154.0, -477.0, 56.0, -154.0, 295.0, -56.0, 337.0, 50]
[35, -65, -40, 70, 0, 0, 0, 253.0, -380.0, -103.0, -253.0, 198.0, 103.0, 337.0, 50]
[35, -65, -25, 70, 0, 0, 0, 253.0, -398.0, -56.0, -253.0, 216.0, 56.0, 337.0, 50]
[35, -70, -45, 70, 0, 0, 0, 240.0, -395.0, -104.0, -240.0, 213.0, 104.0, 337.0, 50]
[35, -70, -5, 70, 0, 0, 0, 221.0, -436.0, 20.0, -221.0, 254.0, -20.0, 337.0, 50]
[35, -70, 15, 70, 0, 0, 0, 180.0, -459.0, 68.0, -180.0, 277.0, -68.0, 337.0, 50]
[35, -70, 30, 70, 0, 0, 0, 139.0, -475.0, 93.0, -139.0, 293.0, -93.0, 337.0, 50]
[95, -80, 15, 70, 0, 0, 0, -18.0, -463.0, 186.0, 18.0, 281.0, -186.0, 337.0, 50]
[95, -80, 40, 70, 0, 0, 0, -87.0, -476.0, 141.0, 87.0, 294.0, -141.0, 337.0, 50]
[100, -5, -10, 70, 0, 0, 0, 241.0, -173.0, 236.0, -241.0, -9.0, -236.0, 337.0, 50]
[100, -10, -20, 70, 0, 0, 0, 248.0, -165.0, 228.0, -248.0, -17.0, -228.0, 337.0, 50]
[100, -20, 20, 70, 0, 0, 0, 202.0, -339.0, 220.0, -202.0, 157.0, -220.0, 337.0, 50]
[100, -25, -45, 70, 0, 0, 0, 280.0, -175.0, 188.0, -280.0, -7.0, -188.0, 337.0, 50]
[100, -25, 45, 70, 0, 0, 0, 166.0, -423.0, 168.0, -166.0, 241.0, -168.0, 337.0, 50]
[100, -30, -35, 70, 0, 0, 0, 263.0, -224.0, 207.0, -263.0, 42.0, -207.0, 337.0, 50]
[100, -30, 25, 70, 0, 0, 0, 165.0, -391.0, 207.0, -165.0, 209.0, -207.0, 337.0, 50]
[100, -30, 30, 70, 0, 0, 0, 159.0, -404.0, 198.0, -159.0, 222.0, -198.0, 337.0, 50]
[100, -35, -10, 70, 0, 0, 0, 209.0, -313.0, 230.0, -209.0, 131.0, -230.0, 337.0, 50]
[100, -40, -20, 70, 0, 0, 0, 219.0, -309.0, 223.0, -219.0, 127.0, -223.0, 337.0, 50]
[100, -40, -10, 70, 0, 0, 0, 197.0, -334.0, 228.0, -197.0, 152.0, -228.0, 337.0, 50]
[100, -40, 0, 70, 0, 0, 0, 175.0, -360.0, 227.0, -175.0, 178.0, -227.0, 337.0, 50]
[100, -40, 15, 70, 0, 0, 0, 145.0, -398.0, 215.0, -145.0, 216.0, -215.0, 337.0, 50]
[100, -40, 40, 70, 0, 0, 0, 104.0, -455.0, 169.0, -104.0, 273.0, -169.0, 337.0, 50]
[100, -45, -20, 70, 0, 0, 0, 207.0, -331.0, 221.0, -207.0, 149.0, -221.0, 337.0, 50]
[100, -45, -15, 70, 0, 0, 0, 195.0, -342.0, 224.0, -195.0, 160.0, -224.0, 337.0, 50]
[100, -45, 30, 70, 0, 0, 0, 96.0, -446.0, 187.0, -96.0, 264.0, -187.0, 337.0, 50]
[35, -75, 35, 70, 0, 0, 0, 109.0, -478.0, 120.0, -109.0, 296.0, -120.0, 337.0, 55]
[35, -80, -35, 70, 0, 0, 0, 220.0, -435.0, -38.0, -220.0, 253.0, 38.0, 337.0, 55]
[35, -80, 15, 70, 0, 0, 0, 152.0, -463.0, 108.0, -152.0, 281.0, -108.0, 337.0, 55]
[35, -80, 20, 70, 0, 0, 0, 139.0, -466.0, 118.0, -139.0, 284.0, -118.0, 337.0, 55]
[35, -85, -30, 70, 0, 0, 0, 206.0, -449.0, -3.0, -206.0, 267.0, 3.0, 337.0, 55]
[35, -85, -5, 70, 0, 0, 0, 181.0, -456.0, 77.0, -181.0, 274.0, -77.0, 337.0, 55]
[35, -85, 15, 70, 0, 0, 0, 138.0, -462.0, 128.0, -138.0, 280.0, -128.0, 337.0, 55]
[35, -85, 30, 70, 0, 0, 0, 96.0, -466.0, 155.0, -96.0, 284.0, -155.0, 337.0, 55]
[40, 0, -35, 70, 0, 0, 0, 299.0, -71.0, -110.0, -299.0, -111.0, 110.0, 337.0, 55]
[40, 0, -30, 70, 0, 0, 0, 306.0, -85.0, -104.0, -306.0, -97.0, 104.0, 337.0, 55]
[40, 0, -25, 70, 0, 0, 0, 312.0, -100.0, -99.0, -312.0, -82.0, 99.0, 337.0, 55]
[40, 0, -20, 70, 0, 0, 0, 317.0, -116.0, -95.0, -317.0, -66.0, 95.0, 337.0, 55]
[40, 0, 20, 70, 0, 0, 0, 317.0, -248.0, -95.0, -317.0, 66.0, 95.0, 337.0, 55]
[40, 0, 25, 70, 0, 0, 0, 312.0, -264.0, -99.0, -312.0, 82.0, 99.0, 337.0, 55]
[40, 0, 30, 70, 0, 0, 0, 306.0, -279.0, -104.0, -306.0, 97.0, 104.0, 337.0, 55]
[40, 0, 35, 70, 0, 0, 0, 299.0, -293.0, -110.0, -299.0, 111.0, 110.0, 337.0, 55]
[40, -10, 35, 70, 0, 0, 0, 284.0, -339.0, -92.0, -284.0, 157.0, 92.0, 337.0, 55]
[40, -15, -30, 70, 0, 0, 0, 316.0, -160.0, -116.0, -316.0, -22.0, 116.0, 337.0, 55]
[40, -15, -5, 70, 0, 0, 0, 322.0, -237.0, -84.0, -322.0, 55.0, 84.0, 337.0, 55]
[100, -50, 15, 70, 0, 0, 0, 105.0, -426.0, 208.0, -105.0, 244.0, -208.0, 337.0, 55]
[100, -50, 30, 70, 0, 0, 0, 73.0, -456.0, 183.0, -73.0, 274.0, -183.0, 337.0, 55]
[100, -55, -40, 70, 0, 0, 0, 231.0, -337.0, 191.0, -231.0, 155.0, -191.0, 337.0, 55]
[100, -55, -30, 70, 0, 0, 0, 205.0, -353.0, 206.0, -205.0, 171.0, -206.0, 337.0, 55]
[100, -60, -45, 70, 0, 0, 0, 229.0, -353.0, 179.0, -229.0, 171.0, -179.0, 337.0, 55]
[100, -60, -5, 70, 0, 0, 0, 117.0, -413.0, 216.0, -117.0, 231.0, -216.0, 337.0, 55]
[100, -60, 5, 70, 0, 0, 0, 88.0, -430.0, 211.0, -88.0, 248.0, -211.0, 337.0, 55]
[100, -70, -5, 70, 0, 0, 0, 75.0, -436.0, 209.0, -75.0, 254.0, -209.0, 337.0, 55]
[100, -70, 15, 70, 0, 0, 0, 14.0, -459.0, 192.0, -14.0, 277.0, -192.0, 337.0, 55]
[100, -70, 35, 70, 0, 0, 0, -37.0, -480.0, 154.0, 37.0, 298.0, -154.0, 337.0, 55]
[100, -75, -40, 70, 0, 0, 0, 163.0, -417.0, 179.0, -163.0, 235.0, -179.0, 337.0, 55]
[100, -75, 15, 70, 0, 0, 0, -10.0, -462.0, 188.0, 10.0, 280.0, -188.0, 337.0, 55]
[100, -80, -35, 70, 0, 0, 0, 128.0, -435.0, 183.0, -128.0, 253.0, -183.0, 337.0, 55]
[100, -85, 5, 70, 0, 0, 0, -26.0, -459.0, 191.0, 26.0, 277.0, -191.0, 337.0, 55]
[105, 0, -20, 70, 0, 0, 0, 220.0, -116.0, 247.0, -220.0, -66.0, -247.0, 337.0, 55]
[105, 0, 20, 70, 0, 0, 0, 220.0, -248.0, 247.0, -220.0, 66.0, -247.0, 337.0, 55]
[105, -5, 0, 70, 0, 0, 0, 216.0, -206.0, 258.0, -216.0, 24.0, -258.0, 337.0, 55]
[105, -10, -20, 70, 0, 0, 0, 227.0, -165.0, 249.0, -227.0, -17.0, -249.0, 337.0, 55]
[105, -10, -15, 70, 0, 0, 0, 223.0, -181.0, 253.0, -223.0, -1.0, -253.0, 337.0, 55]
[40, -25, 5, 70, 0, 0, 0, 304.0, -314.0, -63.0, -304.0, 132.0, 63.0, 337.0, 60]
[40, -30, -35, 70, 0, 0, 0, 311.0, -224.0, -124.0, -311.0, 42.0, 124.0, 337.0, 60]
[40, -30, 0, 70, 0, 0, 0, 302.0, -320.0, -59.0, -302.0, 138.0, 59.0, 337.0, 60]
[40, -30, 5, 70, 0, 0, 0, 296.0, -335.0, -53.0, -296.0, 153.0, 53.0, 337.0, 60]
[40, -30, 30, 70, 0, 0, 0, 251.0, -404.0, -39.0, -251.0, 222.0, 39.0, 337.0, 60]
[40, -35, 10, 70, 0, 0, 0, 279.0, -368.0, -36.0, -279.0, 186.0, 36.0, 337.0, 60]
[40, -40, -40, 70, 0, 0, 0, 301.0, -265.0, -128.0, -301.0, 83.0, 128.0, 337.0, 60]
[40, -45, 15, 70, 0, 0, 0, 246.0, -413.0, -3.0, -246.0, 231.0, 3.0, 337.0, 60]
[40, -45, 30, 70, 0, 0, 0, 210.0, -446.0, 10.0, -210.0, 264.0, -10.0, 337.0, 60]
[40, -50, -5, 70, 0, 0, 0, 270.0, -383.0, -22.0, -270.0, 201.0, 22.0, 337.0, 60]
[40, -50, 30, 70, 0, 0, 0, 195.0, -456.0, 28.0, -195.0, 274.0, -28.0, 337.0, 60]
[40, -55, -40, 70, 0, 0, 0, 281.0, -337.0, -104.0, -281.0, 155.0, 104.0, 337.0, 60]
[40, -55, -30, 70, 0, 0, 0, 281.0, -353.0, -75.0, -281.0, 171.0, 75.0, 337.0, 60]
[40, -55, 10, 70, 0, 0, 0, 230.0, -428.0, 22.0, -230.0, 246.0, -22.0, 337.0, 60]
[40, -60, -30, 70, 0, 0, 0, 271.0, -373.0, -63.0, -271.0, 191.0, 63.0, 337.0, 60]
[40, -60, 5, 70, 0, 0, 0, 227.0, -430.0, 29.0, -227.0, 248.0, -29.0, 337.0, 60]
[40, -65, -40, 70, 0, 0, 0, 261.0, -380.0, -81.0, -261.0, 198.0, 81.0, 337.0, 60]
[40, -65, -25, 70, 0, 0, 0, 257.0, -398.0, -34.0, -257.0, 216.0, 34.0, 337.0, 60]
[40, -70, -45, 70, 0, 0, 0, 248.0, -395.0, -83.0, -248.0, 213.0, 83.0, 337.0, 60]
[105, -10, 10, 70, 0, 0, 0, 208.0, -263.0, 253.0, -208.0, 81.0, -253.0, 337.0, 60]
[105, -10, 20, 70, 0, 0, 0, 205.0, -295.0, 243.0, -205.0, 113.0, -243.0, 337.0, 60]
[105, -15, -25, 70, 0, 0, 0, 233.0, -175.0, 244.0, -233.0, -7.0, -244.0, 337.0, 60]
[105, -15, 5, 70, 0, 0, 0, 204.0, -270.0, 254.0, -204.0, 88.0, -254.0, 337.0, 60]
[105, -15, 15, 70, 0, 0, 0, 197.0, -302.0, 246.0, -197.0, 120.0, -246.0, 337.0, 60]
[105, -20, -10, 70, 0, 0, 0, 213.0, -245.0, 254.0, -213.0, 63.0, -254.0, 337.0, 60]
[105, -25, -25, 70, 0, 0, 0, 230.0, -225.0, 243.0, -230.0, 43.0, -243.0, 337.0, 60]
[105, -25, 20, 70, 0, 0, 0, 168.0, -359.0, 233.0, -168.0, 177.0, -233.0, 337.0, 60]
[105, -30, -40, 70, 0, 0, 0, 253.0, -213.0, 221.0, -253.0, 31.0, -221.0, 337.0, 60]
[105, -30, -15, 70, 0, 0, 0, 207.0, -277.0, 249.0, -207.0, 95.0, -249.0, 337.0, 60]
[105, -40, 15, 70, 0, 0, 0, 125.0, -398.0, 227.0, -125.0, 216.0, -227.0, 337.0, 60]
[105, -40, 40, 70, 0, 0, 0, 89.0, -455.0, 177.0, -89.0, 273.0, -177.0, 337.0, 60]
[105, -45, -15, 70, 0, 0, 0, 175.0, -342.0, 240.0, -175.0, 160.0, -240.0, 337.0, 60]
[105, -55, -45, 70, 0, 0, 0, 226.0, -330.0, 202.0, -226.0, 148.0, -202.0, 337.0, 60]
[105, -55, 45, 70, 0, 0, 0, 10.0, -487.0, 144.0, -10.0, 305.0, -144.0, 337.0, 60]
[105, -60, -30, 70, 0, 0, 0, 171.0, -373.0, 219.0, -171.0, 191.0, -219.0, 337.0, 60]
[105, -60, 45, 70, 0, 0, 0, -16.0, -490.0, 137.0, 16.0, 308.0, -137.0, 337.0, 60]
[105, -70, -45, 70, 0, 0, 0, 180.0, -395.0, 190.0, -180.0, 213.0, -190.0, 337.0, 60]
[105, -70, 0, 70, 0, 0, 0, 41.0, -442.0, 211.0, -41.0, 260.0, -211.0, 337.0, 60]
[40, -70, -35, 70, 0, 0, 0, 249.0, -404.0, -51.0, -249.0, 222.0, 51.0, 337.0, 65]
[40, -75, -25, 70, 0, 0, 0, 231.0, -428.0, -3.0, -231.0, 246.0, 3.0, 337.0, 65]
[40, -75, 10, 70, 0, 0, 0, 171.0, -458.0, 92.0, -171.0, 276.0, -92.0, 337.0, 65]
[40, -75, 15, 70, 0, 0, 0, 158.0, -462.0, 102.0, -158.0, 280.0, -102.0, 337.0, 65]
[40, -80, 15, 70, 0, 0, 0, 142.0, -463.0, 121.0, -142.0, 281.0, -121.0, 337.0, 65]
[40, -80, 40, 70, 0, 0, 0, 66.0, -476.0, 152.0, -66.0, 294.0, -152.0, 337.0, 65]
[40, -85, 5, 70, 0, 0, 0, 152.0, -459.0, 118.0, -152.0, 277.0, -118.0, 337.0, 65]
[45, 0, -20, 70, 0, 0, 0, 324.0, -116.0, -67.0, -324.0, -66.0, 67.0, 337.0, 65]
[45, 0, 20, 70, 0, 0, 0, 324.0, -248.0, -67.0, -324.0, 66.0, 67.0, 337.0, 65]
[45, -5, -5, 70, 0, 0, 0, 332.0, -189.0, -60.0, -332.0, 7.0, 60.0, 337.0, 65]
[45, -5, 45, 70, 0, 0, 0, 283.0, -342.0, -90.0, -283.0, 160.0, 90.0, 337.0, 65]
[45, -10, 20, 70, 0, 0, 0, 313.0, -295.0, -56.0, -313.0, 113.0, 56.0, 337.0, 65]
[45, -10, 35, 70, 0, 0, 0, 291.0, -339.0, -67.0, -291.0, 157.0, 67.0, 337.0, 65]
[45, -15, -30, 70, 0, 0, 0, 325.0, -160.0, -88.0, -325.0, -22.0, 88.0, 337.0, 65]
[45, -30, 0, 70, 0, 0, 0, 306.0, -320.0, -33.0, -306.0, 138.0, 33.0, 337.0, 65]
[45, -30, 40, 70, 0, 0, 0, 230.0, -428.0, -21.0, -230.0, 246.0, 21.0, 337.0, 65]
[45, -40, 15, 70, 0, 0, 0, 259.0, -398.0, 5.0, -259.0, 216.0, -5.0, 337.0, 65]
[45, -40, 40, 70, 0, 0, 0, 198.0, -455.0, 11.0, -198.0, 273.0, -11.0, 337.0, 65]
[45, -45, -30, 70, 0, 0, 0, 305.0, -309.0, -68.0, -305.0, 127.0, 68.0, 337.0, 65]
[105, -75, -25, 70, 0, 0, 0, 100.0, -428.0, 208.0, -100.0, 246.0, -208.0, 337.0, 65]
[105, -80, -40, 70, 0, 0, 0, 126.0, -433.0, 187.0, -126.0, 251.0, -187.0, 337.0, 65]
[105, -80, 15, 70, 0, 0, 0, -50.0, -463.0, 180.0, 50.0, 281.0, -180.0, 337.0, 65]
[105, -85, -30, 70, 0, 0, 0, 73.0, -449.0, 193.0, -73.0, 267.0, -193.0, 337.0, 65]
[105, -85, 30, 70, 0, 0, 0, -113.0, -466.0, 143.0, 113.0, 284.0, -143.0, 337.0, 65]
[110, 0, -45, 70, 0, 0, 0, 213.0, -45.0, 223.0, -213.0, -137.0, -223.0, 337.0, 65]
[110, 0, -15, 70, 0, 0, 0, 196.0, -132.0, 270.0, -196.0, -50.0, -270.0, 337.0, 65]
[110, 0, 15, 70, 0, 0, 0, 196.0, -232.0, 270.0, -196.0, 50.0, -270.0, 337.0, 65]
[110, 0, 45, 70, 0, 0, 0, 213.0, -319.0, 223.0, -213.0, 137.0, -223.0, 337.0, 65]
[110, -5, -20, 70, 0, 0, 0, 202.0, -140.0, 267.0, -202.0, -42.0, -267.0, 337.0, 65]
[110, -10, -5, 70, 0, 0, 0, 193.0, -213.0, 275.0, -193.0, 31.0, -275.0, 337.0, 65]
[110, -10, 20, 70, 0, 0, 0, 183.0, -295.0, 260.0, -183.0, 113.0, -260.0, 337.0, 65]
[110, -25, -45, 70, 0, 0, 0, 243.0, -175.0, 234.0, -243.0, -7.0, -234.0, 337.0, 65]
[110, -25, 15, 70, 0, 0, 0, 152.0, -344.0, 254.0, -152.0, 162.0, -254.0, 337.0, 65]
[110, -30, -20, 70, 0, 0, 0, 194.0, -263.0, 264.0, -194.0, 81.0, -264.0, 337.0, 65]
[110, -35, -10, 70, 0, 0, 0, 166.0, -313.0, 263.0, -166.0, 131.0, -263.0, 337.0, 65]
[110, -40, -30, 70, 0, 0, 0, 200.0, -286.0, 251.0, -200.0, 104.0, -251.0, 337.0, 65]
[110, -40, -10, 70, 0, 0, 0, 154.0, -334.0, 259.0, -154.0, 152.0, -259.0, 337.0, 65]
[110, -40, 0, 70, 0, 0, 0, 133.0, -360.0, 254.0, -133.0, 178.0, -254.0, 337.0, 65]
[45, -45, -25, 70, 0, 0, 0, 303.0, -320.0, -55.0, -303.0, 138.0, 55.0, 337.0, 70]
[45, -50, -5, 70, 0, 0, 0, 271.0, -383.0, 1.0, -271.0, 201.0, -1.0, 337.0, 70]
[45, -55, -45, 70, 0, 0, 0, 288.0, -330.0, -95.0, -288.0, 148.0, 95.0, 337.0, 70]
[45, -55, -5, 70, 0, 0, 0, 258.0, -399.0, 14.0, -258.0, 217.0, -14.0, 337.0, 70]
[45, -65, -40, 70, 0, 0, 0, 267.0, -380.0, -58.0, -267.0, 198.0, 58.0, 337.0, 70]
[45, -65, -25, 70, 0, 0, 0, 259.0, -398.0, -11.0, -259.0, 216.0, 11.0, 337.0, 70]
[45, -70, -25, 70, 0, 0, 0, 245.0, -414.0, 3.0, -245.0, 232.0, -3.0, 337.0, 70]
[45, -70, -15, 70, 0, 0, 0, 232.0, -425.0, 32.0, -232.0, 243.0, -32.0, 337.0, 70]
[45, -75, -30, 70, 0, 0, 0, 235.0, -424.0, 2.0, -235.0, 242.0, -2.0, 337.0, 70]
[45, -80, -35, 70, 0, 0, 0, 223.0, -435.0, 1.0, -223.0, 253.0, -1.0, 337.0, 70]
[45, -80, 15, 70, 0, 0, 0, 131.0, -463.0, 133.0, -131.0, 281.0, -133.0, 337.0, 70]
[45, -80, 40, 70, 0, 0, 0, 52.0, -476.0, 157.0, -52.0, 294.0, -157.0, 337.0, 70]
[45, -85, -35, 70, 0, 0, 0, 207.0, -448.0, 17.0, -207.0, 266.0, -17.0, 337.0, 70]
[45, -85, -5, 70, 0, 0, 0, 165.0, -456.0, 107.0, -165.0, 274.0, -107.0, 337.0, 70]
[45, -85, 15, 70, 0, 0, 0, 114.0, -462.0, 150.0, -114.0, 280.0, -150.0, 337.0, 70]
[50, 0, -40, 70, 0, 0, 0, 307.0, -58.0, -64.0, -307.0, -124.0, 64.0, 337.0, 70]
[50, 0, 40, 70, 0, 0, 0, 307.0, -306.0, -64.0, -307.0, 124.0, 64.0, 337.0, 70]
[50, -5, -45, 70, 0, 0, 0, 308.0, -70.0, -80.0, -308.0, -112.0, 80.0, 337.0, 70]
[50, -5, -5, 70, 0, 0, 0, 336.0, -189.0, -31.0, -336.0, 7.0, 31.0, 337.0, 70]
[110, -40, 15, 70, 0, 0, 0, 105.0, -398.0, 237.0, -105.0, 216.0, -237.0, 337.0, 70]
[110, -50, 15, 70, 0, 0, 0, 67.0, -426.0, 223.0, -67.0, 244.0, -223.0, 337.0, 70]
[110, -55, -5, 70, 0, 0, 0, 96.0, -399.0, 240.0, -96.0, 217.0, -240.0, 337.0, 70]
[110, -60, -35, 70, 0, 0, 0, 166.0, -366.0, 229.0, -166.0, 184.0, -229.0, 337.0, 70]
[110, -60, -10, 70, 0, 0, 0, 92.0, -405.0, 236.0, -92.0, 223.0, -236.0, 337.0, 70]
[110, -60, 35, 70, 0, 0, 0, -14.0, -477.0, 163.0, 14.0, 295.0, -163.0, 337.0, 70]
[110, -60, 45, 70, 0, 0, 0, -28.0, -490.0, 135.0, 28.0, 308.0, -135.0, 337.0, 70]
[110, -65, -35, 70, 0, 0, 0, 150.0, -386.0, 223.0, -150.0, 204.0, -223.0, 337.0, 70]
[110, -65, -20, 70, 0, 0, 0, 104.0, -405.0, 231.0, -104.0, 223.0, -231.0, 337.0, 70]
[110, -75, -25, 70, 0, 0, 0, 82.0, -428.0, 216.0, -82.0, 246.0, -216.0, 337.0, 70]
[110, -75, -20, 70, 0, 0, 0, 65.0, -432.0, 217.0, -65.0, 250.0, -217.0, 337.0, 70]
[110, -80, 15, 70, 0, 0, 0, -65.0, -463.0, 175.0, 65.0, 281.0, -175.0, 337.0, 70]
[110, -85, -5, 70, 0, 0, 0, -27.0, -456.0, 195.0, 27.0, 274.0, -195.0, 337.0, 70]
[115, 0, -40, 70, 0, 0, 0, 188.0, -58.0, 251.0, -188.0, -124.0, -251.0, 337.0, 70]
[115, 0, 0, 70, 0, 0, 0, 169.0, -182.0, 292.0, -169.0, 0.0, -292.0, 337.0, 70]
[115, 0, 40, 70, 0, 0, 0, 188.0, -306.0, 251.0, -188.0, 124.0, -251.0, 337.0, 70]
[115, -10, -5, 70, 0, 0, 0, 168.0, -213.0, 291.0, -168.0, 31.0, -291.0, 337.0, 70]
[115, -25, 25, 70, 0, 0, 0, 122.0, -373.0, 250.0, -122.0, 191.0, -250.0, 337.0, 70]
[115, -30, 40, 70, 0, 0, 0, 98.0, -428.0, 209.0, -98.0, 246.0, -209.0, 337.0, 70]
[50, -10, 15, 70, 0, 0, 0, 322.0, -279.0, -26.0, -322.0, 97.0, 26.0, 337.0, 75]
[50, -20, -35, 70, 0, 0, 0, 330.0, -172.0, -70.0, -330.0, -10.0, 70.0, 337.0, 75]
[50, -20, -30, 70, 0, 0, 0, 332.0, -186.0, -60.0, -332.0, 4.0, 60.0, 337.0, 75]
[50, -20, 45, 70, 0, 0, 0, 251.0, -405.0, -32.0, -251.0, 223.0, 32.0, 337.0, 75]
[50, -25, -30, 70, 0, 0, 0, 331.0, -211.0, -59.0, -331.0, 29.0, 59.0, 337.0, 75]
[50, -25, 15, 70, 0, 0, 0, 296.0, -344.0, -4.0, -296.0, 162.0, 4.0, 337.0, 75]
[50, -30, 30, 70, 0, 0, 0, 254.0, -404.0, 5.0, -254.0, 222.0, -5.0, 337.0, 75]
[50, -30, 40, 70, 0, 0, 0, 231.0, -428.0, -1.0, -231.0, 246.0, 1.0, 337.0, 75]
[50, -45, -15, 70, 0, 0, 0, 297.0, -342.0, -5.0, -297.0, 160.0, 5.0, 337.0, 75]
[50, -50, 15, 70, 0, 0, 0, 227.0, -426.0, 53.0, -227.0, 244.0, -53.0, 337.0, 75]
[50, -50, 30, 70, 0, 0, 0, 187.0, -456.0, 62.0, -187.0, 274.0, -62.0, 337.0, 75]
[50, -60, -5, 70, 0, 0, 0, 241.0, -413.0, 49.0, -241.0, 231.0, -49.0, 337.0, 75]
[50, -60, 35, 70, 0, 0, 0, 134.0, -477.0, 94.0, -134.0, 295.0, -94.0, 337.0, 75]
[50, -65, -40, 70, 0, 0, 0, 271.0, -380.0, -34.0, -271.0, 198.0, 34.0, 337.0, 75]
[50, -65, -25, 70, 0, 0, 0, 259.0, -398.0, 11.0, -259.0, 216.0, -11.0, 337.0, 75]
[50, -70, -35, 70, 0, 0, 0, 254.0, -404.0, -6.0, -254.0, 222.0, 6.0, 337.0, 75]
[50, -75, -40, 70, 0, 0, 0, 242.0, -417.0, -10.0, -242.0, 235.0, 10.0, 337.0, 75]
[50, -75, -30, 70, 0, 0, 0, 234.0, -424.0, 22.0, -234.0, 242.0, -22.0, 337.0, 75]
[50, -75, 15, 70, 0, 0, 0, 138.0, -462.0, 128.0, -138.0, 280.0, -128.0, 337.0, 75]
[115, -35, 30, 70, 0, 0, 0, 84.0, -420.0, 224.0, -84.0, 238.0, -224.0, 337.0, 75]
[115, -40, 40, 70, 0, 0, 0, 57.0, -455.0, 190.0, -57.0, 273.0, -190.0, 337.0, 75]
[115, -45, 15, 70, 0, 0, 0, 66.0, -413.0, 237.0, -66.0, 231.0, -237.0, 337.0, 75]
[115, -45, 35, 70, 0, 0, 0, 39.0, -456.0, 193.0, -39.0, 274.0, -193.0, 337.0, 75]
[115, -50, -5, 70, 0, 0, 0, 92.0, -383.0, 255.0, -92.0, 201.0, -255.0, 337.0, 75]
[115, -50, 15, 70, 0, 0, 0, 48.0, -426.0, 228.0, -48.0, 244.0, -228.0, 337.0, 75]
[115, -55, -35, 70, 0, 0, 0, 159.0, -345.0, 249.0, -159.0, 163.0, -249.0, 337.0, 75]
[115, -55, 40, 70, 0, 0, 0, -11.0, -480.0, 158.0, 11.0, 298.0, -158.0, 337.0, 75]
[115, -60, -5, 70, 0, 0, 0, 57.0, -413.0, 239.0, -57.0, 231.0, -239.0, 337.0, 75]
[115, -60, 45, 70, 0, 0, 0, -40.0, -490.0, 132.0, 40.0, 308.0, -132.0, 337.0, 75]
[115, -70, -30, 70, 0, 0, 0, 97.0, -409.0, 230.0, -97.0, 227.0, -230.0, 337.0, 75]
[115, -70, -15, 70, 0, 0, 0, 49.0, -425.0, 229.0, -49.0, 243.0, -229.0, 337.0, 75]
[115, -70, 0, 70, 0, 0, 0, 4.0, -442.0, 215.0, -4.0, 260.0, -215.0, 337.0, 75]
[115, -75, -40, 70, 0, 0, 0, 111.0, -417.0, 215.0, -111.0, 235.0, -215.0, 337.0, 75]
[115, -75, -20, 70, 0, 0, 0, 46.0, -432.0, 222.0, -46.0, 250.0, -222.0, 337.0, 75]
[115, -75, 15, 70, 0, 0, 0, -58.0, -462.0, 179.0, 58.0, 280.0, -179.0, 337.0, 75]
[115, -80, -35, 70, 0, 0, 0, 76.0, -435.0, 210.0, -76.0, 253.0, -210.0, 337.0, 75]
[115, -85, -5, 70, 0, 0, 0, -44.0, -456.0, 192.0, 44.0, 274.0, -192.0, 337.0, 75]
[115, -85, 30, 70, 0, 0, 0, -136.0, -466.0, 121.0, 136.0, 284.0, -121.0, 337.0, 75]
[50, -80, 15, 70, 0, 0, 0, 119.0, -463.0, 144.0, -119.0, 281.0, -144.0, 337.0, 80]
[50, -80, 40, 70, 0, 0, 0, 38.0, -476.0, 161.0, -38.0, 294.0, -161.0, 337.0, 80]
[50, -85, -30, 70, 0, 0, 0, 200.0, -449.0, 51.0, -200.0, 267.0, -51.0, 337.0, 80]
[50, -85, -5, 70, 0, 0, 0, 155.0, -456.0, 121.0, -155.0, 274.0, -121.0, 337.0, 80]
[55, 0, -25, 70, 0, 0, 0, 327.0, -100.0, -15.0, -327.0, -82.0, 15.0, 337.0, 80]
[55, 0, -5, 70, 0, 0, 0, 337.0, -165.0, -1.0, -337.0, -17.0, 1.0, 337.0, 80]
[55, 0, 5, 70, 0, 0, 0, 337.0, -199.0, -1.0, -337.0, 17.0, 1.0, 337.0, 80]
[55, 0, 25, 70, 0, 0, 0, 327.0, -264.0, -15.0, -327.0, 82.0, 15.0, 337.0, 80]
[55, -5, -25, 70, 0, 0, 0, 332.0, -125.0, -19.0, -332.0, -57.0, 19.0, 337.0, 80]
[55, -10, -5, 70, 0, 0, 0, 336.0, -213.0, -0.0, -336.0, 31.0, 0.0, 337.0, 80]
[55, -10, 0, 70, 0, 0, 0, 334.0, -230.0, 2.0, -334.0, 48.0, -2.0, 337.0, 80]
[55, -10, 20, 70, 0, 0, 0, 318.0, -295.0, -1.0, -318.0, 113.0, 1.0, 337.0, 80]
[55, -20, -30, 70, 0, 0, 0, 336.0, -186.0, -31.0, -336.0, 4.0, 31.0, 337.0, 80]
[55, -20, -15, 70, 0, 0, 0, 334.0, -230.0, -6.0, -334.0, 48.0, 6.0, 337.0, 80]
[55, -20, 45, 70, 0, 0, 0, 253.0, -405.0, -10.0, -253.0, 223.0, 10.0, 337.0, 80]
[55, -25, 5, 70, 0, 0, 0, 310.0, -314.0, 18.0, -310.0, 132.0, -18.0, 337.0, 80]
[55, -30, -40, 70, 0, 0, 0, 332.0, -213.0, -52.0, -332.0, 31.0, 52.0, 337.0, 80]
[55, -35, 10, 70, 0, 0, 0, 279.0, -368.0, 37.0, -279.0, 186.0, -37.0, 337.0, 80]
[55, -40, -45, 70, 0, 0, 0, 324.0, -255.0, -60.0, -324.0, 73.0, 60.0, 337.0, 80]
[120, 0, -15, 70, 0, 0, 0, 146.0, -132.0, 300.0, -146.0, -50.0, -300.0, 337.0, 80]
[120, 0, -5, 70, 0, 0, 0, 143.0, -165.0, 305.0, -143.0, -17.0, -305.0, 337.0, 80]
[120, 0, 5, 70, 0, 0, 0, 143.0, -199.0, 305.0, -143.0, 17.0, -305.0, 337.0, 80]
[120, 0, 15, 70, 0, 0, 0, 146.0, -232.0, 300.0, -146.0, 50.0, -300.0, 337.0, 80]
[120, -5, -30, 70, 0, 0, 0, 162.0, -110.0, 287.0, -162.0, -72.0, -287.0, 337.0, 80]
[120, -5, -25, 70, 0, 0, 0, 157.0, -125.0, 293.0, -157.0, -57.0, -293.0, 337.0, 80]
[120, -15, -35, 70, 0, 0, 0, 177.0, -146.0, 285.0, -177.0, -36.0, -285.0, 337.0, 80]
[120, -15, 30, 70, 0, 0, 0, 126.0, -347.0, 266.0, -126.0, 165.0, -266.0, 337.0, 80]
[120, -20, 10, 70, 0, 0, 0, 120.0, -308.0, 289.0, -120.0, 126.0, -289.0, 337.0, 80]
[120, -20, 35, 70, 0, 0, 0, 113.0, -381.0, 248.0, -113.0, 199.0, -248.0, 337.0, 80]
[120, -20, 45, 70, 0, 0, 0, 116.0, -405.0, 225.0, -116.0, 223.0, -225.0, 337.0, 80]
[120, -30, -40, 70, 0, 0, 0, 187.0, -213.0, 279.0, -187.0, 31.0, -279.0, 337.0, 80]
[120, -30, -10, 70, 0, 0, 0, 127.0, -291.0, 293.0, -127.0, 109.0, -293.0, 337.0, 80]
[120, -45, -35, 70, 0, 0, 0, 158.0, -299.0, 274.0, -158.0, 117.0, -274.0, 337.0, 80]
[120, -45, -30, 70, 0, 0, 0, 145.0, -309.0, 277.0, -145.0, 127.0, -277.0, 337.0, 80]
[120, -50, -5, 70, 0, 0, 0, 69.0, -383.0, 262.0, -69.0, 201.0, -262.0, 337.0, 80]
[120, -55, -30, 70, 0, 0, 0, 122.0, -353.0, 264.0, -122.0, 171.0, -264.0, 337.0, 80]
[120, -60, -30, 70, 0, 0, 0, 109.0, -373.0, 256.0, -109.0, 191.0, -256.0, 337.0, 80]
[120, -60, 35, 70, 0, 0, 0, -43.0, -477.0, 158.0, 43.0, 295.0, -158.0, 337.0, 80]
[55, -40, -25, 70, 0, 0, 0, 317.0, -297.0, -8.0, -317.0, 115.0, 8.0, 337.0, 85]
[55, -40, 40, 70, 0, 0, 0, 193.0, -455.0, 46.0, -193.0, 273.0, -46.0, 337.0, 85]
[55, -55, -45, 70, 0, 0, 0, 300.0, -330.0, -43.0, -300.0, 148.0, 43.0, 337.0, 85]
[55, -60, -30, 70, 0, 0, 0, 278.0, -373.0, 10.0, -278.0, 191.0, -10.0, 337.0, 85]
[55, -65, -40, 70, 0, 0, 0, 273.0, -380.0, -10.0, -273.0, 198.0, 10.0, 337.0, 85]
[55, -65, -25, 70, 0, 0, 0, 257.0, -398.0, 34.0, -257.0, 216.0, -34.0, 337.0, 85]
[55, -65, 10, 70, 0, 0, 0, 180.0, -447.0, 106.0, -180.0, 265.0, -106.0, 337.0, 85]
[55, -70, -45, 70, 0, 0, 0, 261.0, -395.0, -16.0, -261.0, 213.0, 16.0, 337.0, 85]
[55, -70, 25, 70, 0, 0, 0, 115.0, -470.0, 133.0, -115.0, 288.0, -133.0, 337.0, 85]
[55, -70, 30, 70, 0, 0, 0, 99.0, -475.0, 135.0, -99.0, 293.0, -135.0, 337.0, 85]
[55, -75, -30, 70, 0, 0, 0, 231.0, -424.0, 43.0, -231.0, 242.0, -43.0, 337.0, 85]
[55, -75, -20, 70, 0, 0, 0, 215.0, -432.0, 71.0, -215.0, 250.0, -71.0, 337.0, 85]
[55, -75, 15, 70, 0, 0, 0, 126.0, -462.0, 140.0, -126.0, 280.0, -140.0, 337.0, 85]
[55, -85, -5, 70, 0, 0, 0, 144.0, -456.0, 134.0, -144.0, 274.0, -134.0, 337.0, 85]
[60, -10, 10, 70, 0, 0, 0, 326.0, -263.0, 32.0, -326.0, 81.0, -32.0, 337.0, 85]
[60, -10, 30, 70, 0, 0, 0, 305.0, -325.0, 17.0, -305.0, 143.0, -17.0, 337.0, 85]
[60, -15, -20, 70, 0, 0, 0, 337.0, -190.0, 15.0, -337.0, 8.0, -15.0, 337.0, 85]
[60, -15, 10, 70, 0, 0, 0, 319.0, -286.0, 36.0, -319.0, 104.0, -36.0, 337.0, 85]
[60, -20, 45, 70, 0, 0, 0, 253.0, -405.0, 12.0, -253.0, 223.0, -12.0, 337.0, 85]
[120, -65, -40, 70, 0, 0, 0, 125.0, -380.0, 243.0, -125.0, 198.0, -243.0, 337.0, 85]
[120, -65, 10, 70, 0, 0, 0, -20.0, -447.0, 208.0, 20.0, 265.0, -208.0, 337.0, 85]
[120, -70, -45, 70, 0, 0, 0, 125.0, -395.0, 230.0, -125.0, 213.0, -230.0, 337.0, 85]
[120, -70, -5, 70, 0, 0, 0, -1.0, -436.0, 222.0, 1.0, 254.0, -222.0, 337.0, 85]
[120, -75, -45, 70, 0, 0, 0, 108.0, -414.0, 220.0, -108.0, 232.0, -220.0, 337.0, 85]
[120, -75, -40, 70, 0, 0, 0, 92.0, -417.0, 224.0, -92.0, 235.0, -224.0, 337.0, 85]
[120, -75, -25, 70, 0, 0, 0, 43.0, -428.0, 227.0, -43.0, 246.0, -227.0, 337.0, 85]
[120, -75, -20, 70, 0, 0, 0, 27.0, -432.0, 225.0, -27.0, 250.0, -225.0, 337.0, 85]
[120, -85, -30, 70, 0, 0, 0, 21.0, -449.0, 205.0, -21.0, 267.0, -205.0, 337.0, 85]
[120, -85, -5, 70, 0, 0, 0, -61.0, -456.0, 187.0, 61.0, 274.0, -187.0, 337.0, 85]
[120, -85, 30, 70, 0, 0, 0, -146.0, -466.0, 109.0, 146.0, 284.0, -109.0, 337.0, 85]
[125, -5, 5, 70, 0, 0, 0, 114.0, -223.0, 315.0, -114.0, 41.0, -315.0, 337.0, 85]
[125, -10, -35, 70, 0, 0, 0, 148.0, -121.0, 297.0, -148.0, -61.0, -297.0, 337.0, 85]
[125, -10, -30, 70, 0, 0, 0, 141.0, -135.0, 303.0, -141.0, -47.0, -303.0, 337.0, 85]
[125, -10, -25, 70, 0, 0, 0, 134.0, -150.0, 308.0, -134.0, -32.0, -308.0, 337.0, 85]
[125, -10, 30, 70, 0, 0, 0, 113.0, -325.0, 284.0, -113.0, 143.0, -284.0, 337.0, 85]
[125, -15, -40, 70, 0, 0, 0, 160.0, -133.0, 293.0, -160.0, -49.0, -293.0, 337.0, 85]
[125, -15, 30, 70, 0, 0, 0, 102.0, -347.0, 276.0, -102.0, 165.0, -276.0, 337.0, 85]
[125, -25, -45, 70, 0, 0, 0, 174.0, -175.0, 289.0, -174.0, -7.0, -289.0, 337.0, 85]
[60, -35, -10, 70, 0, 0, 0, 308.0, -313.0, 42.0, -308.0, 131.0, -42.0, 337.0, 90]
[60, -40, 15, 70, 0, 0, 0, 249.0, -398.0, 72.0, -249.0, 216.0, -72.0, 337.0, 90]
[60, -45, 30, 70, 0, 0, 0, 194.0, -446.0, 81.0, -194.0, 264.0, -81.0, 337.0, 90]
[60, -50, -45, 70, 0, 0, 0, 313.0, -306.0, -23.0, -313.0, 124.0, 23.0, 337.0, 90]
[60, -50, 5, 70, 0, 0, 0, 239.0, -405.0, 84.0, -239.0, 223.0, -84.0, 337.0, 90]
[60, -50, 15, 70, 0, 0, 0, 214.0, -426.0, 92.0, -214.0, 244.0, -92.0, 337.0, 90]
[60, -60, -35, 70, 0, 0, 0, 282.0, -366.0, 20.0, -282.0, 184.0, -20.0, 337.0, 90]
[60, -60, -30, 70, 0, 0, 0, 276.0, -373.0, 34.0, -276.0, 191.0, -34.0, 337.0, 90]
[60, -60, -10, 70, 0, 0, 0, 240.0, -405.0, 81.0, -240.0, 223.0, -81.0, 337.0, 90]
[60, -60, -5, 70, 0, 0, 0, 229.0, -413.0, 90.0, -229.0, 231.0, -90.0, 337.0, 90]
[60, -65, -25, 70, 0, 0, 0, 253.0, -398.0, 56.0, -253.0, 216.0, -56.0, 337.0, 90]
[60, -70, -25, 70, 0, 0, 0, 236.0, -414.0, 66.0, -236.0, 232.0, -66.0, 337.0, 90]
[60, -70, 30, 70, 0, 0, 0, 87.0, -475.0, 143.0, -87.0, 293.0, -143.0, 337.0, 90]
[60, -75, -40, 70, 0, 0, 0, 240.0, -417.0, 32.0, -240.0, 235.0, -32.0, 337.0, 90]
[60, -75, -20, 70, 0, 0, 0, 208.0, -432.0, 90.0, -208.0, 250.0, -90.0, 337.0, 90]
[60, -75, 10, 70, 0, 0, 0, 129.0, -458.0, 145.0, -129.0, 276.0, -145.0, 337.0, 90]
[60, -75, 15, 70, 0, 0, 0, 114.0, -462.0, 150.0, -114.0, 280.0, -150.0, 337.0, 90]
[60, -85, -30, 70, 0, 0, 0, 188.0, -449.0, 85.0, -188.0, 267.0, -85.0, 337.0, 90]
[60, -85, 30, 70, 0, 0, 0, 21.0, -466.0, 181.0, -21.0, 284.0, -181.0, 337.0, 90]
[125, -30, -10, 70, 0, 0, 0, 101.0, -291.0, 303.0, -101.0, 109.0, -303.0, 337.0, 90]
[125, -30, 0, 70, 0, 0, 0, 85.0, -320.0, 296.0, -85.0, 138.0, -296.0, 337.0, 90]
[125, -30, 40, 70, 0, 0, 0, 60.0, -428.0, 223.0, -60.0, 246.0, -223.0, 337.0, 90]
[125, -35, -10, 70, 0, 0, 0, 92.0, -313.0, 297.0, -92.0, 131.0, -297.0, 337.0, 90]
[125, -40, -45, 70, 0, 0, 0, 167.0, -255.0, 284.0, -167.0, 73.0, -284.0, 337.0, 90]
[125, -40, 15, 70, 0, 0, 0, 40.0, -398.0, 256.0, -40.0, 216.0, -256.0, 337.0, 90]
[125, -40, 40, 70, 0, 0, 0, 23.0, -455.0, 197.0, -23.0, 273.0, -197.0, 337.0, 90]
[125, -45, 30, 70, 0, 0, 0, 8.0, -446.0, 210.0, -8.0, 264.0, -210.0, 337.0, 90]
[125, -50, -45, 70, 0, 0, 0, 153.0, -306.0, 274.0, -153.0, 124.0, -274.0, 337.0, 90]
[125, -50, -5, 70, 0, 0, 0, 46.0, -383.0, 267.0, -46.0, 201.0, -267.0, 337.0, 90]
[125, -50, 15, 70, 0, 0, 0, 7.0, -426.0, 233.0, -7.0, 244.0, -233.0, 337.0, 90]
[125, -55, 10, 70, 0, 0, 0, -2.0, -428.0, 231.0, 2.0, 246.0, -231.0, 337.0, 90]
[125, -60, -35, 70, 0, 0, 0, 101.0, -366.0, 264.0, -101.0, 184.0, -264.0, 337.0, 90]
[125, -60, 35, 70, 0, 0, 0, -56.0, -477.0, 154.0, 56.0, 295.0, -154.0, 337.0, 90]
[125, -65, -40, 70, 0, 0, 0, 103.0, -380.0, 253.0, -103.0, 198.0, -253.0, 337.0, 90]
[125, -65, -25, 70, 0, 0, 0, 56.0, -398.0, 253.0, -56.0, 216.0, -253.0, 337.0, 90]
[125, -70, -45, 70, 0, 0, 0, 104.0, -395.0, 240.0, -104.0, 213.0, -240.0, 337.0, 90]
[125, -70, -5, 70, 0, 0, 0, -20.0, -436.0, 221.0, 20.0, 254.0, -221.0, 337.0, 90]
[125, -70, 15, 70, 0, 0, 0, -68.0, -459.0, 180.0, 68.0, 277.0, -180.0, 337.0, 90]
