[0, 0, -45, 80, 0, 0, 0, 143.0, -39.0, -242.0, -143.0, -143.0, 242.0, 315.0, 0]
[0, 0, -40, 80, 0, 0, 0, 155.0, -52.0, -242.0, -155.0, -130.0, 242.0, 315.0, 0]
[0, 0, 40, 80, 0, 0, 0, 155.0, -312.0, -242.0, -155.0, 130.0, 242.0, 315.0, 0]
[0, 0, 45, 80, 0, 0, 0, 143.0, -325.0, -242.0, -143.0, 143.0, 242.0, 315.0, 0]
[0, -20, -35, 80, 0, 0, 0, 166.0, -156.0, -267.0, -166.0, -26.0, 267.0, 315.0, 0]
[0, -20, 40, 80, 0, 0, 0, 155.0, -387.0, -183.0, -155.0, 205.0, 183.0, 315.0, 0]
[0, -30, 45, 80, 0, 0, 0, 143.0, -427.0, -138.0, -143.0, 245.0, 138.0, 315.0, 0]
[0, -35, 45, 80, 0, 0, 0, 143.0, -438.0, -116.0, -143.0, 256.0, 116.0, 315.0, 0]
[0, -40, -40, 80, 0, 0, 0, 155.0, -238.0, -269.0, -155.0, 56.0, 269.0, 315.0, 0]
[0, -50, 40, 80, 0, 0, 0, 155.0, -451.0, -56.0, -155.0, 269.0, 56.0, 315.0, 0]
[0, -55, -45, 80, 0, 0, 0, 143.0, -298.0, -256.0, -143.0, 116.0, 256.0, 315.0, 0]
[0, -60, -45, 80, 0, 0, 0, 143.0, -320.0, -245.0, -143.0, 138.0, 245.0, 315.0, 0]
[0, -70, -40, 80, 0, 0, 0, 155.0, -365.0, -205.0, -155.0, 183.0, 205.0, 315.0, 0]
[0, -70, 35, 80, 0, 0, 0, 166.0, -449.0, 26.0, -166.0, 267.0, -26.0, 315.0, 0]
[0, -90, -45, 80, 0, 0, 0, 143.0, -424.0, -143.0, -143.0, 242.0, 143.0, 315.0, 0]
[0, -90, -40, 80, 0, 0, 0, 155.0, -424.0, -130.0, -155.0, 242.0, 130.0, 315.0, 0]
[0, -90, 40, 80, 0, 0, 0, 155.0, -424.0, 130.0, -155.0, 242.0, -130.0, 315.0, 0]
[0, -90, 45, 80, 0, 0, 0, 143.0, -424.0, 143.0, -143.0, 242.0, -143.0, 315.0, 0]
[5, -5, -5, 80, 0, 0, 0, 222.0, -186.0, -224.0, -222.0, 4.0, 224.0, 315.0, 0]
[90, -60, -45, 80, 0, 0, 0, 245.0, -320.0, 143.0, -245.0, 138.0, -143.0, 315.0, 0]
[90, -70, -40, 80, 0, 0, 0, 205.0, -365.0, 155.0, -205.0, 183.0, -155.0, 315.0, 0]
[90, -70, 35, 80, 0, 0, 0, -26.0, -449.0, 166.0, 26.0, 267.0, -166.0, 315.0, 0]
[90, -90, -45, 80, 0, 0, 0, 143.0, -424.0, 143.0, -143.0, 242.0, -143.0, 315.0, 0]
[90, -90, -40, 80, 0, 0, 0, 130.0, -424.0, 155.0, -130.0, 242.0, -155.0, 315.0, 0]
[90, -90, 40, 80, 0, 0, 0, -130.0, -424.0, 155.0, 130.0, 242.0, -155.0, 315.0, 0]
[90, -90, 45, 80, 0, 0, 0, -143.0, -424.0, 143.0, 143.0, 242.0, -143.0, 315.0, 0]
[95, -5, -5, 80, 0, 0, 0, 224.0, -186.0, 222.0, -224.0, 4.0, -222.0, 315.0, 0]
[95, -10, -25, 80, 0, 0, 0, 236.0, -140.0, 205.0, -236.0, -42.0, -205.0, 315.0, 0]
[95, -10, -10, 80, 0, 0, 0, 226.0, -189.0, 220.0, -226.0, 7.0, -220.0, 315.0, 0]
[95, -15, 0, 80, 0, 0, 0, 215.0, -245.0, 222.0, -215.0, 63.0, -222.0, 315.0, 0]
[95, -25, -10, 80, 0, 0, 0, 216.0, -252.0, 219.0, -216.0, 70.0, -219.0, 315.0, 0]
[95, -30, 0, 80, 0, 0, 0, 191.0, -303.0, 220.0, -191.0, 121.0, -220.0, 315.0, 0]
[95, -50, -30, 80, 0, 0, 0, 217.0, -302.0, 195.0, -217.0, 120.0, -195.0, 315.0, 0]
[95, -55, -25, 80, 0, 0, 0, 192.0, -331.0, 201.0, -192.0, 149.0, -201.0, 315.0, 0]
[95, -65, -15, 80, 0, 0, 0, 132.0, -379.0, 208.0, -132.0, 197.0, -208.0, 315.0, 0]
[95, -70, 20, 80, 0, 0, 0, 1.0, -433.0, 191.0, -1.0, 251.0, -191.0, 315.0, 0]
[95, -70, 35, 80, 0, 0, 0, -41.0, -449.0, 163.0, 41.0, 267.0, -163.0, 315.0, 0]
[95, -75, -40, 80, 0, 0, 0, 174.0, -382.0, 171.0, -174.0, 200.0, -171.0, 315.0, 0]
[5, -10, -25, 80, 0, 0, 0, 205.0, -140.0, -236.0, -205.0, -42.0, 236.0, 315.0, 5]
[5, -10, -10, 80, 0, 0, 0, 220.0, -189.0, -226.0, -220.0, 7.0, 226.0, 315.0, 5]
[5, -15, 0, 80, 0, 0, 0, 222.0, -245.0, -215.0, -222.0, 63.0, 215.0, 315.0, 5]
[5, -25, -10, 80, 0, 0, 0, 219.0, -252.0, -216.0, -219.0, 70.0, 216.0, 315.0, 5]
[5, -30, 0, 80, 0, 0, 0, 220.0, -303.0, -191.0, -220.0, 121.0, 191.0, 315.0, 5]
[5, -50, -30, 80, 0, 0, 0, 195.0, -302.0, -217.0, -195.0, 120.0, 217.0, 315.0, 5]
[5, -55, -25, 80, 0, 0, 0, 201.0, -331.0, -192.0, -201.0, 149.0, 192.0, 315.0, 5]
[5, -65, -15, 80, 0, 0, 0, 208.0, -379.0, -132.0, -208.0, 197.0, 132.0, 315.0, 5]
[5, -70, 20, 80, 0, 0, 0, 191.0, -433.0, -1.0, -191.0, 251.0, 1.0, 315.0, 5]
[5, -70, 35, 80, 0, 0, 0, 163.0, -449.0, 41.0, -163.0, 267.0, -41.0, 315.0, 5]
[5, -75, -40, 80, 0, 0, 0, 171.0, -382.0, -174.0, -171.0, 200.0, 174.0, 315.0, 5]
[5, -80, -15, 80, 0, 0, 0, 203.0, -411.0, -76.0, -203.0, 229.0, 76.0, 315.0, 5]
[5, -80, 25, 80, 0, 0, 0, 179.0, -435.0, 58.0, -179.0, 253.0, -58.0, 315.0, 5]
[5, -85, 35, 80, 0, 0, 0, 157.0, -433.0, 109.0, -157.0, 251.0, -109.0, 315.0, 5]
[5, -90, -45, 80, 0, 0, 0, 155.0, -424.0, -130.0, -155.0, 242.0, 130.0, 315.0, 5]
[5, -90, 35, 80, 0, 0, 0, 155.0, -424.0, 130.0, -155.0, 242.0, -130.0, 315.0, 5]
[5, -90, 40, 80, 0, 0, 0, 143.0, -424.0, 143.0, -143.0, 242.0, -143.0, 315.0, 5]
[5, -90, 45, 80, 0, 0, 0, 130.0, -424.0, 155.0, -130.0, 242.0, -155.0, 315.0, 5]
[10, -5, 30, 80, 0, 0, 0, 213.0, -304.0, -198.0, -213.0, 122.0, 198.0, 315.0, 5]
[95, -80, -15, 80, 0, 0, 0, 76.0, -411.0, 203.0, -76.0, 229.0, -203.0, 315.0, 5]
[95, -80, 25, 80, 0, 0, 0, -58.0, -435.0, 179.0, 58.0, 253.0, -179.0, 315.0, 5]
[95, -85, 35, 80, 0, 0, 0, -109.0, -433.0, 157.0, 109.0, 251.0, -157.0, 315.0, 5]
[95, -90, -45, 80, 0, 0, 0, 130.0, -424.0, 155.0, -130.0, 242.0, -155.0, 315.0, 5]
[95, -90, 35, 80, 0, 0, 0, -130.0, -424.0, 155.0, 130.0, 242.0, -155.0, 315.0, 5]
[95, -90, 40, 80, 0, 0, 0, -143.0, -424.0, 143.0, 143.0, 242.0, -143.0, 315.0, 5]
[95, -90, 45, 80, 0, 0, 0, -155.0, -424.0, 130.0, 155.0, 242.0, -130.0, 315.0, 5]
[100, -5, 30, 80, 0, 0, 0, 198.0, -304.0, 213.0, -198.0, 122.0, -213.0, 315.0, 5]
[100, -10, -40, 80, 0, 0, 0, 230.0, -96.0, 198.0, -230.0, -86.0, -198.0, 315.0, 5]
[100, -20, -20, 80, 0, 0, 0, 214.0, -200.0, 231.0, -214.0, 18.0, -231.0, 315.0, 5]
[100, -20, 15, 80, 0, 0, 0, 172.0, -314.0, 229.0, -172.0, 132.0, -229.0, 315.0, 5]
[100, -25, -10, 80, 0, 0, 0, 196.0, -252.0, 237.0, -196.0, 70.0, -237.0, 315.0, 5]
[100, -35, -5, 80, 0, 0, 0, 170.0, -306.0, 235.0, -170.0, 124.0, -235.0, 315.0, 5]
[100, -40, 5, 80, 0, 0, 0, 136.0, -351.0, 229.0, -136.0, 169.0, -229.0, 315.0, 5]
[100, -45, 15, 80, 0, 0, 0, 98.0, -390.0, 216.0, -98.0, 208.0, -216.0, 315.0, 5]
[100, -60, 10, 80, 0, 0, 0, 55.0, -409.0, 212.0, -55.0, 227.0, -212.0, 315.0, 5]
[100, -65, -40, 80, 0, 0, 0, 190.0, -346.0, 191.0, -190.0, 164.0, -191.0, 315.0, 5]
[100, -65, -25, 80, 0, 0, 0, 145.0, -365.0, 212.0, -145.0, 183.0, -212.0, 315.0, 5]
[100, -70, -25, 80, 0, 0, 0, 129.0, -380.0, 209.0, -129.0, 198.0, -209.0, 315.0, 5]
[10, -10, -40, 80, 0, 0, 0, 198.0, -96.0, -230.0, -198.0, -86.0, 230.0, 315.0, 10]
[10, -20, -20, 80, 0, 0, 0, 231.0, -200.0, -214.0, -231.0, 18.0, 214.0, 315.0, 10]
[10, -20, 15, 80, 0, 0, 0, 229.0, -314.0, -172.0, -229.0, 132.0, 172.0, 315.0, 10]
[10, -25, -10, 80, 0, 0, 0, 237.0, -252.0, -196.0, -237.0, 70.0, 196.0, 315.0, 10]
[10, -35, -5, 80, 0, 0, 0, 235.0, -306.0, -170.0, -235.0, 124.0, 170.0, 315.0, 10]
[10, -40, 5, 80, 0, 0, 0, 229.0, -351.0, -136.0, -229.0, 169.0, 136.0, 315.0, 10]
[10, -45, 15, 80, 0, 0, 0, 216.0, -390.0, -98.0, -216.0, 208.0, 98.0, 315.0, 10]
[10, -60, 10, 80, 0, 0, 0, 212.0, -409.0, -55.0, -212.0, 227.0, 55.0, 315.0, 10]
[10, -65, -40, 80, 0, 0, 0, 191.0, -346.0, -190.0, -191.0, 164.0, 190.0, 315.0, 10]
[10, -65, -25, 80, 0, 0, 0, 212.0, -365.0, -145.0, -212.0, 183.0, 145.0, 315.0, 10]
[10, -70, -25, 80, 0, 0, 0, 209.0, -380.0, -129.0, -209.0, 198.0, 129.0, 315.0, 10]
[10, -80, -15, 80, 0, 0, 0, 209.0, -411.0, -58.0, -209.0, 229.0, 58.0, 315.0, 10]
[10, -85, 0, 80, 0, 0, 0, 203.0, -423.0, 14.0, -203.0, 241.0, -14.0, 315.0, 10]
[10, -85, 10, 80, 0, 0, 0, 194.0, -426.0, 48.0, -194.0, 244.0, -48.0, 315.0, 10]
[10, -85, 20, 80, 0, 0, 0, 179.0, -429.0, 80.0, -179.0, 247.0, -80.0, 315.0, 10]
[10, -85, 35, 80, 0, 0, 0, 147.0, -433.0, 122.0, -147.0, 251.0, -122.0, 315.0, 10]
[10, -90, 30, 80, 0, 0, 0, 155.0, -424.0, 130.0, -155.0, 242.0, -130.0, 315.0, 10]
[10, -90, 35, 80, 0, 0, 0, 143.0, -424.0, 143.0, -143.0, 242.0, -143.0, 315.0, 10]
[10, -90, 40, 80, 0, 0, 0, 130.0, -424.0, 155.0, -130.0, 242.0, -155.0, 315.0, 10]
[100, -80, -15, 80, 0, 0, 0, 58.0, -411.0, 209.0, -58.0, 229.0, -209.0, 315.0, 10]
[100, -85, 0, 80, 0, 0, 0, -14.0, -423.0, 203.0, 14.0, 241.0, -203.0, 315.0, 10]
[100, -85, 10, 80, 0, 0, 0, -48.0, -426.0, 194.0, 48.0, 244.0, -194.0, 315.0, 10]
[100, -85, 20, 80, 0, 0, 0, -80.0, -429.0, 179.0, 80.0, 247.0, -179.0, 315.0, 10]
[100, -85, 35, 80, 0, 0, 0, -122.0, -433.0, 147.0, 122.0, 251.0, -147.0, 315.0, 10]
[100, -90, 30, 80, 0, 0, 0, -130.0, -424.0, 155.0, 130.0, 242.0, -155.0, 315.0, 10]
[100, -90, 35, 80, 0, 0, 0, -143.0, -424.0, 143.0, 143.0, 242.0, -143.0, 315.0, 10]
[100, -90, 40, 80, 0, 0, 0, -155.0, -424.0, 130.0, 155.0, 242.0, -130.0, 315.0, 10]
[105, -15, -40, 80, 0, 0, 0, 218.0, -119.0, 219.0, -218.0, -63.0, -219.0, 315.0, 10]
[105, -15, -15, 80, 0, 0, 0, 188.0, -194.0, 253.0, -188.0, 12.0, -253.0, 315.0, 10]
[105, -15, 15, 80, 0, 0, 0, 162.0, -295.0, 246.0, -162.0, 113.0, -246.0, 315.0, 10]
[105, -25, 20, 80, 0, 0, 0, 134.0, -347.0, 233.0, -134.0, 165.0, -233.0, 315.0, 10]
[105, -25, 30, 80, 0, 0, 0, 125.0, -376.0, 215.0, -125.0, 194.0, -215.0, 315.0, 10]
[105, -30, -40, 80, 0, 0, 0, 225.0, -190.0, 221.0, -225.0, 8.0, -221.0, 315.0, 10]
[105, -30, 45, 80, 0, 0, 0, 96.0, -427.0, 174.0, -96.0, 245.0, -174.0, 315.0, 10]
[105, -40, 25, 80, 0, 0, 0, 78.0, -403.0, 211.0, -78.0, 221.0, -211.0, 315.0, 10]
[105, -50, -45, 80, 0, 0, 0, 219.0, -275.0, 207.0, -219.0, 93.0, -207.0, 315.0, 10]
[105, -55, -10, 80, 0, 0, 0, 110.0, -360.0, 236.0, -110.0, 178.0, -236.0, 315.0, 10]
[105, -60, 10, 80, 0, 0, 0, 36.0, -409.0, 216.0, -36.0, 227.0, -216.0, 315.0, 10]
[15, -15, -40, 80, 0, 0, 0, 219.0, -119.0, -218.0, -219.0, -63.0, 218.0, 315.0, 15]
[15, -15, -15, 80, 0, 0, 0, 253.0, -194.0, -188.0, -253.0, 12.0, 188.0, 315.0, 15]
[15, -15, 15, 80, 0, 0, 0, 246.0, -295.0, -162.0, -246.0, 113.0, 162.0, 315.0, 15]
[15, -25, 20, 80, 0, 0, 0, 233.0, -347.0, -134.0, -233.0, 165.0, 134.0, 315.0, 15]
[15, -25, 30, 80, 0, 0, 0, 215.0, -376.0, -125.0, -215.0, 194.0, 125.0, 315.0, 15]
[15, -30, -40, 80, 0, 0, 0, 221.0, -190.0, -225.0, -221.0, 8.0, 225.0, 315.0, 15]
[15, -30, 45, 80, 0, 0, 0, 174.0, -427.0, -96.0, -174.0, 245.0, 96.0, 315.0, 15]
[15, -40, 25, 80, 0, 0, 0, 211.0, -403.0, -78.0, -211.0, 221.0, 78.0, 315.0, 15]
[15, -50, -45, 80, 0, 0, 0, 207.0, -275.0, -219.0, -207.0, 93.0, 219.0, 315.0, 15]
[15, -55, -10, 80, 0, 0, 0, 236.0, -360.0, -110.0, -236.0, 178.0, 110.0, 315.0, 15]
[15, -60, 10, 80, 0, 0, 0, 216.0, -409.0, -36.0, -216.0, 227.0, 36.0, 315.0, 15]
[15, -65, 10, 80, 0, 0, 0, 211.0, -416.0, -16.0, -211.0, 234.0, 16.0, 315.0, 15]
[15, -65, 30, 80, 0, 0, 0, 172.0, -444.0, 35.0, -172.0, 262.0, -35.0, 315.0, 15]
[15, -85, -20, 80, 0, 0, 0, 207.0, -417.0, -38.0, -207.0, 235.0, 38.0, 315.0, 15]
[15, -85, 0, 80, 0, 0, 0, 201.0, -423.0, 32.0, -201.0, 241.0, -32.0, 315.0, 15]
[15, -85, 10, 80, 0, 0, 0, 189.0, -426.0, 65.0, -189.0, 244.0, -65.0, 315.0, 15]
[15, -90, 25, 80, 0, 0, 0, 155.0, -424.0, 130.0, -155.0, 242.0, -130.0, 315.0, 15]
[15, -90, 30, 80, 0, 0, 0, 143.0, -424.0, 143.0, -143.0, 242.0, -143.0, 315.0, 15]
[15, -90, 35, 80, 0, 0, 0, 130.0, -424.0, 155.0, -130.0, 242.0, -155.0, 315.0, 15]
[105, -65, 10, 80, 0, 0, 0, 16.0, -416.0, 211.0, -16.0, 234.0, -211.0, 315.0, 15]
[105, -65, 30, 80, 0, 0, 0, -35.0, -444.0, 172.0, 35.0, 262.0, -172.0, 315.0, 15]
[105, -85, -20, 80, 0, 0, 0, 38.0, -417.0, 207.0, -38.0, 235.0, -207.0, 315.0, 15]
[105, -85, 0, 80, 0, 0, 0, -32.0, -423.0, 201.0, 32.0, 241.0, -201.0, 315.0, 15]
[105, -85, 10, 80, 0, 0, 0, -65.0, -426.0, 189.0, 65.0, 244.0, -189.0, 315.0, 15]
[105, -90, 25, 80, 0, 0, 0, -130.0, -424.0, 155.0, 130.0, 242.0, -155.0, 315.0, 15]
[105, -90, 30, 80, 0, 0, 0, -143.0, -424.0, 143.0, 143.0, 242.0, -143.0, 315.0, 15]
[105, -90, 35, 80, 0, 0, 0, -155.0, -424.0, 130.0, 155.0, 242.0, -130.0, 315.0, 15]
[110, 0, 0, 80, 0, 0, 0, 158.0, -182.0, 273.0, -158.0, 0.0, -273.0, 315.0, 15]
[110, -10, -40, 80, 0, 0, 0, 192.0, -96.0, 235.0, -192.0, -86.0, -235.0, 315.0, 15]
[110, -10, -25, 80, 0, 0, 0, 175.0, -140.0, 259.0, -175.0, -42.0, -259.0, 315.0, 15]
[110, -10, 5, 80, 0, 0, 0, 152.0, -241.0, 270.0, -152.0, 59.0, -270.0, 315.0, 15]
[110, -15, -35, 80, 0, 0, 0, 191.0, -132.0, 246.0, -191.0, -50.0, -246.0, 315.0, 15]
[110, -15, 5, 80, 0, 0, 0, 146.0, -262.0, 268.0, -146.0, 80.0, -268.0, 315.0, 15]
[110, -20, 10, 80, 0, 0, 0, 134.0, -298.0, 261.0, -134.0, 116.0, -261.0, 315.0, 15]
[110, -25, 5, 80, 0, 0, 0, 130.0, -300.0, 262.0, -130.0, 118.0, -262.0, 315.0, 15]
[110, -25, 25, 80, 0, 0, 0, 109.0, -362.0, 235.0, -109.0, 180.0, -235.0, 315.0, 15]
[110, -40, 25, 80, 0, 0, 0, 60.0, -403.0, 217.0, -60.0, 221.0, -217.0, 315.0, 15]
[110, -40, 30, 80, 0, 0, 0, 53.0, -415.0, 206.0, -53.0, 233.0, -206.0, 315.0, 15]
[20, 0, 0, 80, 0, 0, 0, 273.0, -182.0, -158.0, -273.0, 0.0, 158.0, 315.0, 20]
[20, -10, -40, 80, 0, 0, 0, 235.0, -96.0, -192.0, -235.0, -86.0, 192.0, 315.0, 20]
[20, -10, -25, 80, 0, 0, 0, 259.0, -140.0, -175.0, -259.0, -42.0, 175.0, 315.0, 20]
[20, -10, 5, 80, 0, 0, 0, 270.0, -241.0, -152.0, -270.0, 59.0, 152.0, 315.0, 20]
[20, -15, -35, 80, 0, 0, 0, 246.0, -132.0, -191.0, -246.0, -50.0, 191.0, 315.0, 20]
[20, -15, 5, 80, 0, 0, 0, 268.0, -262.0, -146.0, -268.0, 80.0, 146.0, 315.0, 20]
[20, -20, 10, 80, 0, 0, 0, 261.0, -298.0, -134.0, -261.0, 116.0, 134.0, 315.0, 20]
[20, -25, 5, 80, 0, 0, 0, 262.0, -300.0, -130.0, -262.0, 118.0, 130.0, 315.0, 20]
[20, -25, 25, 80, 0, 0, 0, 235.0, -362.0, -109.0, -235.0, 180.0, 109.0, 315.0, 20]
[20, -40, 25, 80, 0, 0, 0, 217.0, -403.0, -60.0, -217.0, 221.0, 60.0, 315.0, 20]
[20, -40, 30, 80, 0, 0, 0, 206.0, -415.0, -53.0, -206.0, 233.0, 53.0, 315.0, 20]
[20, -55, -5, 80, 0, 0, 0, 242.0, -370.0, -75.0, -242.0, 188.0, 75.0, 315.0, 20]
[20, -65, -40, 80, 0, 0, 0, 221.0, -346.0, -154.0, -221.0, 164.0, 154.0, 315.0, 20]
[20, -65, -35, 80, 0, 0, 0, 227.0, -352.0, -138.0, -227.0, 170.0, 138.0, 315.0, 20]
[20, -65, -25, 80, 0, 0, 0, 234.0, -365.0, -106.0, -234.0, 183.0, 106.0, 315.0, 20]
[20, -65, -15, 80, 0, 0, 0, 235.0, -379.0, -74.0, -235.0, 197.0, 74.0, 315.0, 20]
[20, -70, 40, 80, 0, 0, 0, 132.0, -454.0, 90.0, -132.0, 272.0, -90.0, 315.0, 20]
[20, -80, -15, 80, 0, 0, 0, 216.0, -411.0, -21.0, -216.0, 229.0, 21.0, 315.0, 20]
[20, -90, 20, 80, 0, 0, 0, 155.0, -424.0, 130.0, -155.0, 242.0, -130.0, 315.0, 20]
[110, -55, -5, 80, 0, 0, 0, 75.0, -370.0, 242.0, -75.0, 188.0, -242.0, 315.0, 20]
[110, -65, -40, 80, 0, 0, 0, 154.0, -346.0, 221.0, -154.0, 164.0, -221.0, 315.0, 20]
[110, -65, -35, 80, 0, 0, 0, 138.0, -352.0, 227.0, -138.0, 170.0, -227.0, 315.0, 20]
[110, -65, -25, 80, 0, 0, 0, 106.0, -365.0, 234.0, -106.0, 183.0, -234.0, 315.0, 20]
[110, -65, -15, 80, 0, 0, 0, 74.0, -379.0, 235.0, -74.0, 197.0, -235.0, 315.0, 20]
[110, -70, 40, 80, 0, 0, 0, -90.0, -454.0, 132.0, 90.0, 272.0, -132.0, 315.0, 20]
[110, -80, -15, 80, 0, 0, 0, 21.0, -411.0, 216.0, -21.0, 229.0, -216.0, 315.0, 20]
[110, -90, 20, 80, 0, 0, 0, -130.0, -424.0, 155.0, 130.0, 242.0, -155.0, 315.0, 20]
[110, -90, 25, 80, 0, 0, 0, -143.0, -424.0, 143.0, 143.0, 242.0, -143.0, 315.0, 20]
[110, -90, 30, 80, 0, 0, 0, -155.0, -424.0, 130.0, 155.0, 242.0, -130.0, 315.0, 20]
[115, 0, -10, 80, 0, 0, 0, 135.0, -147.0, 283.0, -135.0, -35.0, -283.0, 315.0, 20]
[115, 0, 10, 80, 0, 0, 0, 135.0, -217.0, 283.0, -135.0, 35.0, -283.0, 315.0, 20]
[115, -5, 30, 80, 0, 0, 0, 136.0, -304.0, 257.0, -136.0, 122.0, -257.0, 315.0, 20]
[115, -10, -10, 80, 0, 0, 0, 137.0, -189.0, 284.0, -137.0, 7.0, -284.0, 315.0, 20]
[115, -20, 25, 80, 0, 0, 0, 102.0, -345.0, 250.0, -102.0, 163.0, -250.0, 315.0, 20]
[115, -25, -45, 80, 0, 0, 0, 193.0, -154.0, 248.0, -193.0, -28.0, -248.0, 315.0, 20]
[115, -25, 45, 80, 0, 0, 0, 83.0, -414.0, 197.0, -83.0, 232.0, -197.0, 315.0, 20]
[115, -30, -25, 80, 0, 0, 0, 151.0, -229.0, 273.0, -151.0, 47.0, -273.0, 315.0, 20]
[115, -35, -20, 80, 0, 0, 0, 135.0, -264.0, 273.0, -135.0, 82.0, -273.0, 315.0, 20]
[20, -90, 25, 80, 0, 0, 0, 143.0, -424.0, 143.0, -143.0, 242.0, -143.0, 315.0, 25]
[20, -90, 30, 80, 0, 0, 0, 130.0, -424.0, 155.0, -130.0, 242.0, -155.0, 315.0, 25]
[25, 0, -10, 80, 0, 0, 0, 283.0, -147.0, -135.0, -283.0, -35.0, 135.0, 315.0, 25]
[25, 0, 10, 80, 0, 0, 0, 283.0, -217.0, -135.0, -283.0, 35.0, 135.0, 315.0, 25]
[25, -5, 30, 80, 0, 0, 0, 257.0, -304.0, -136.0, -257.0, 122.0, 136.0, 315.0, 25]
[25, -10, -10, 80, 0, 0, 0, 284.0, -189.0, -137.0, -284.0, 7.0, 137.0, 315.0, 25]
[25, -20, 25, 80, 0, 0, 0, 250.0, -345.0, -102.0, -250.0, 163.0, 102.0, 315.0, 25]
[25, -25, -45, 80, 0, 0, 0, 248.0, -154.0, -193.0, -248.0, -28.0, 193.0, 315.0, 25]
[25, -25, 45, 80, 0, 0, 0, 197.0, -414.0, -83.0, -197.0, 232.0, 83.0, 315.0, 25]
[25, -30, -25, 80, 0, 0, 0, 273.0, -229.0, -151.0, -273.0, 47.0, 151.0, 315.0, 25]
[25, -35, -20, 80, 0, 0, 0, 273.0, -264.0, -135.0, -273.0, 82.0, 135.0, 315.0, 25]
[25, -40, -25, 80, 0, 0, 0, 268.0, -272.0, -140.0, -268.0, 90.0, 140.0, 315.0, 25]
[25, -45, 20, 80, 0, 0, 0, 224.0, -402.0, -30.0, -224.0, 220.0, 30.0, 315.0, 25]
[25, -50, 10, 80, 0, 0, 0, 235.0, -390.0, -32.0, -235.0, 208.0, 32.0, 315.0, 25]
[25, -50, 15, 80, 0, 0, 0, 226.0, -401.0, -22.0, -226.0, 219.0, 22.0, 315.0, 25]
[25, -50, 40, 80, 0, 0, 0, 164.0, -451.0, 15.0, -164.0, 269.0, -15.0, 315.0, 25]
[25, -55, 20, 80, 0, 0, 0, 207.0, -420.0, 6.0, -207.0, 238.0, -6.0, 315.0, 25]
[25, -60, 10, 80, 0, 0, 0, 219.0, -409.0, 2.0, -219.0, 227.0, -2.0, 315.0, 25]
[25, -65, -35, 80, 0, 0, 0, 238.0, -352.0, -118.0, -238.0, 170.0, 118.0, 315.0, 25]
[115, -40, -25, 80, 0, 0, 0, 140.0, -272.0, 268.0, -140.0, 90.0, -268.0, 315.0, 25]
[115, -45, 20, 80, 0, 0, 0, 30.0, -402.0, 224.0, -30.0, 220.0, -224.0, 315.0, 25]
[115, -50, 10, 80, 0, 0, 0, 32.0, -390.0, 235.0, -32.0, 208.0, -235.0, 315.0, 25]
[115, -50, 15, 80, 0, 0, 0, 22.0, -401.0, 226.0, -22.0, 219.0, -226.0, 315.0, 25]
[115, -50, 40, 80, 0, 0, 0, -15.0, -451.0, 164.0, 15.0, 269.0, -164.0, 315.0, 25]
[115, -55, 20, 80, 0, 0, 0, -6.0, -420.0, 207.0, 6.0, 238.0, -207.0, 315.0, 25]
[115, -60, 10, 80, 0, 0, 0, -2.0, -409.0, 219.0, 2.0, 227.0, -219.0, 315.0, 25]
[115, -65, -35, 80, 0, 0, 0, 118.0, -352.0, 238.0, -118.0, 170.0, -238.0, 315.0, 25]
[115, -70, 35, 80, 0, 0, 0, -94.0, -449.0, 139.0, 94.0, 267.0, -139.0, 315.0, 25]
[115, -80, -15, 80, 0, 0, 0, 2.0, -411.0, 217.0, -2.0, 229.0, -217.0, 315.0, 25]
[115, -85, 20, 80, 0, 0, 0, -124.0, -429.0, 152.0, 124.0, 247.0, -152.0, 315.0, 25]
[115, -90, 15, 80, 0, 0, 0, -130.0, -424.0, 155.0, 130.0, 242.0, -155.0, 315.0, 25]
[115, -90, 20, 80, 0, 0, 0, -143.0, -424.0, 143.0, 143.0, 242.0, -143.0, 315.0, 25]
[115, -90, 25, 80, 0, 0, 0, -155.0, -424.0, 130.0, 155.0, 242.0, -130.0, 315.0, 25]
[120, 0, -45, 80, 0, 0, 0, 138.0, -39.0, 245.0, -138.0, -143.0, -245.0, 315.0, 25]
[120, 0, 45, 80, 0, 0, 0, 138.0, -325.0, 245.0, -138.0, 143.0, -245.0, 315.0, 25]
[120, -5, -5, 80, 0, 0, 0, 109.0, -186.0, 296.0, -109.0, 4.0, -296.0, 315.0, 25]
[120, -15, -40, 80, 0, 0, 0, 154.0, -119.0, 268.0, -154.0, -63.0, -268.0, 315.0, 25]
[120, -20, 25, 80, 0, 0, 0, 80.0, -345.0, 258.0, -80.0, 163.0, -258.0, 315.0, 25]
[25, -70, 35, 80, 0, 0, 0, 139.0, -449.0, 94.0, -139.0, 267.0, -94.0, 315.0, 30]
[25, -80, -15, 80, 0, 0, 0, 217.0, -411.0, -2.0, -217.0, 229.0, 2.0, 315.0, 30]
[25, -85, 20, 80, 0, 0, 0, 152.0, -429.0, 124.0, -152.0, 247.0, -124.0, 315.0, 30]
[25, -90, 15, 80, 0, 0, 0, 155.0, -424.0, 130.0, -155.0, 242.0, -130.0, 315.0, 30]
[25, -90, 20, 80, 0, 0, 0, 143.0, -424.0, 143.0, -143.0, 242.0, -143.0, 315.0, 30]
[25, -90, 25, 80, 0, 0, 0, 130.0, -424.0, 155.0, -130.0, 242.0, -155.0, 315.0, 30]
[30, 0, -45, 80, 0, 0, 0, 245.0, -39.0, -138.0, -245.0, -143.0, 138.0, 315.0, 30]
[30, 0, 45, 80, 0, 0, 0, 245.0, -325.0, -138.0, -245.0, 143.0, 138.0, 315.0, 30]
[30, -5, -5, 80, 0, 0, 0, 296.0, -186.0, -109.0, -296.0, 4.0, 109.0, 315.0, 30]
[30, -15, -40, 80, 0, 0, 0, 268.0, -119.0, -154.0, -268.0, -63.0, 154.0, 315.0, 30]
[30, -20, 25, 80, 0, 0, 0, 258.0, -345.0, -80.0, -258.0, 163.0, 80.0, 315.0, 30]
[30, -25, -30, 80, 0, 0, 0, 283.0, -192.0, -139.0, -283.0, 10.0, 139.0, 315.0, 30]
[30, -25, 10, 80, 0, 0, 0, 275.0, -316.0, -77.0, -275.0, 134.0, 77.0, 315.0, 30]
[30, -35, -30, 80, 0, 0, 0, 280.0, -238.0, -134.0, -280.0, 56.0, 134.0, 315.0, 30]
[30, -35, 45, 80, 0, 0, 0, 182.0, -438.0, -29.0, -182.0, 256.0, 29.0, 315.0, 30]
[30, -40, 25, 80, 0, 0, 0, 224.0, -403.0, -21.0, -224.0, 221.0, 21.0, 315.0, 30]
[30, -40, 30, 80, 0, 0, 0, 212.0, -415.0, -16.0, -212.0, 233.0, 16.0, 315.0, 30]
[30, -50, 15, 80, 0, 0, 0, 227.0, -401.0, -2.0, -227.0, 219.0, 2.0, 315.0, 30]
[30, -55, -45, 80, 0, 0, 0, 252.0, -298.0, -150.0, -252.0, 116.0, 150.0, 315.0, 30]
[120, -25, -30, 80, 0, 0, 0, 139.0, -192.0, 283.0, -139.0, 10.0, -283.0, 315.0, 30]
[120, -25, 10, 80, 0, 0, 0, 77.0, -316.0, 275.0, -77.0, 134.0, -275.0, 315.0, 30]
[120, -35, -30, 80, 0, 0, 0, 134.0, -238.0, 280.0, -134.0, 56.0, -280.0, 315.0, 30]
[120, -35, 45, 80, 0, 0, 0, 29.0, -438.0, 182.0, -29.0, 256.0, -182.0, 315.0, 30]
[120, -40, 25, 80, 0, 0, 0, 21.0, -403.0, 224.0, -21.0, 221.0, -224.0, 315.0, 30]
[120, -40, 30, 80, 0, 0, 0, 16.0, -415.0, 212.0, -16.0, 233.0, -212.0, 315.0, 30]
[120, -50, 15, 80, 0, 0, 0, 2.0, -401.0, 227.0, -2.0, 219.0, -227.0, 315.0, 30]
[120, -55, -45, 80, 0, 0, 0, 150.0, -298.0, 252.0, -150.0, 116.0, -252.0, 315.0, 30]
[120, -60, 10, 80, 0, 0, 0, -21.0, -409.0, 218.0, 21.0, 227.0, -218.0, 315.0, 30]
[120, -65, 30, 80, 0, 0, 0, -79.0, -444.0, 157.0, 79.0, 262.0, -157.0, 315.0, 30]
[120, -75, -15, 80, 0, 0, 0, 0.0, -402.0, 226.0, 0.0, 220.0, -226.0, 315.0, 30]
[120, -80, -10, 80, 0, 0, 0, -33.0, -414.0, 211.0, 33.0, 232.0, -211.0, 315.0, 30]
[120, -80, 40, 80, 0, 0, 0, -152.0, -443.0, 91.0, 152.0, 261.0, -91.0, 315.0, 30]
[120, -90, 10, 80, 0, 0, 0, -130.0, -424.0, 155.0, 130.0, 242.0, -155.0, 315.0, 30]
[120, -90, 15, 80, 0, 0, 0, -143.0, -424.0, 143.0, 143.0, 242.0, -143.0, 315.0, 30]
[120, -90, 20, 80, 0, 0, 0, -155.0, -424.0, 130.0, 155.0, 242.0, -130.0, 315.0, 30]
[125, 0, -45, 80, 0, 0, 0, 116.0, -39.0, 256.0, -116.0, -143.0, -256.0, 315.0, 30]
[125, 0, -40, 80, 0, 0, 0, 109.0, -52.0, 266.0, -109.0, -130.0, -266.0, 315.0, 30]
[125, 0, 40, 80, 0, 0, 0, 109.0, -312.0, 266.0, -109.0, 130.0, -266.0, 315.0, 30]
[30, -60, 10, 80, 0, 0, 0, 218.0, -409.0, 21.0, -218.0, 227.0, -21.0, 315.0, 35]
[30, -65, 30, 80, 0, 0, 0, 157.0, -444.0, 79.0, -157.0, 262.0, -79.0, 315.0, 35]
[30, -75, -15, 80, 0, 0, 0, 226.0, -402.0, -0.0, -226.0, 220.0, 0.0, 315.0, 35]
[30, -80, -10, 80, 0, 0, 0, 211.0, -414.0, 33.0, -211.0, 232.0, -33.0, 315.0, 35]
[30, -80, 40, 80, 0, 0, 0, 91.0, -443.0, 152.0, -91.0, 261.0, -152.0, 315.0, 35]
[30, -90, 10, 80, 0, 0, 0, 155.0, -424.0, 130.0, -155.0, 242.0, -130.0, 315.0, 35]
[30, -90, 15, 80, 0, 0, 0, 143.0, -424.0, 143.0, -143.0, 242.0, -143.0, 315.0, 35]
[30, -90, 20, 80, 0, 0, 0, 130.0, -424.0, 155.0, -130.0, 242.0, -155.0, 315.0, 35]
[35, 0, -45, 80, 0, 0, 0, 256.0, -39.0, -116.0, -256.0, -143.0, 116.0, 315.0, 35]
[35, 0, -40, 80, 0, 0, 0, 266.0, -52.0, -109.0, -266.0, -130.0, 109.0, 315.0, 35]
[35, 0, 40, 80, 0, 0, 0, 266.0, -312.0, -109.0, -266.0, 130.0, 109.0, 315.0, 35]
[35, 0, 45, 80, 0, 0, 0, 256.0, -325.0, -116.0, -256.0, 143.0, 116.0, 315.0, 35]
[35, -20, 25, 80, 0, 0, 0, 264.0, -345.0, -57.0, -264.0, 163.0, 57.0, 315.0, 35]
[35, -25, -30, 80, 0, 0, 0, 294.0, -192.0, -114.0, -294.0, 10.0, 114.0, 315.0, 35]
[35, -30, 25, 80, 0, 0, 0, 246.0, -377.0, -31.0, -246.0, 195.0, 31.0, 315.0, 35]
[35, -40, 5, 80, 0, 0, 0, 265.0, -351.0, -27.0, -265.0, 169.0, 27.0, 315.0, 35]
[35, -40, 25, 80, 0, 0, 0, 225.0, -403.0, -1.0, -225.0, 221.0, 1.0, 315.0, 35]
[35, -45, 0, 80, 0, 0, 0, 264.0, -353.0, -24.0, -264.0, 171.0, 24.0, 315.0, 35]
[35, -45, 15, 80, 0, 0, 0, 237.0, -390.0, 2.0, -237.0, 208.0, -2.0, 315.0, 35]
[125, 0, 45, 80, 0, 0, 0, 116.0, -325.0, 256.0, -116.0, 143.0, -256.0, 315.0, 35]
[125, -20, 25, 80, 0, 0, 0, 57.0, -345.0, 264.0, -57.0, 163.0, -264.0, 315.0, 35]
[125, -25, -30, 80, 0, 0, 0, 114.0, -192.0, 294.0, -114.0, 10.0, -294.0, 315.0, 35]
[125, -30, 25, 80, 0, 0, 0, 31.0, -377.0, 246.0, -31.0, 195.0, -246.0, 315.0, 35]
[125, -40, 5, 80, 0, 0, 0, 27.0, -351.0, 265.0, -27.0, 169.0, -265.0, 315.0, 35]
[125, -40, 25, 80, 0, 0, 0, 1.0, -403.0, 225.0, -1.0, 221.0, -225.0, 315.0, 35]
[125, -45, 0, 80, 0, 0, 0, 24.0, -353.0, 264.0, -24.0, 171.0, -264.0, 315.0, 35]
[125, -45, 15, 80, 0, 0, 0, -2.0, -390.0, 237.0, 2.0, 208.0, -237.0, 315.0, 35]
[125, -50, 40, 80, 0, 0, 0, -43.0, -451.0, 159.0, 43.0, 269.0, -159.0, 315.0, 35]
[125, -70, -25, 80, 0, 0, 0, 28.0, -380.0, 244.0, -28.0, 198.0, -244.0, 315.0, 35]
[125, -80, -15, 80, 0, 0, 0, -36.0, -411.0, 214.0, 36.0, 229.0, -214.0, 315.0, 35]
[125, -80, 25, 80, 0, 0, 0, -140.0, -435.0, 126.0, 140.0, 253.0, -126.0, 315.0, 35]
[125, -90, 5, 80, 0, 0, 0, -130.0, -424.0, 155.0, 130.0, 242.0, -155.0, 315.0, 35]
[125, -90, 10, 80, 0, 0, 0, -143.0, -424.0, 143.0, 143.0, 242.0, -143.0, 315.0, 35]
[125, -90, 15, 80, 0, 0, 0, -155.0, -424.0, 130.0, 155.0, 242.0, -130.0, 315.0, 35]
[130, -10, 45, 80, 0, 0, 0, 71.0, -365.0, 247.0, -71.0, 183.0, -247.0, 315.0, 35]
[130, -45, 15, 80, 0, 0, 0, -23.0, -390.0, 236.0, 23.0, 208.0, -236.0, 315.0, 35]
[130, -50, 15, 80, 0, 0, 0, -37.0, -401.0, 224.0, 37.0, 219.0, -224.0, 315.0, 35]
[130, -55, -5, 80, 0, 0, 0, -12.0, -370.0, 253.0, 12.0, 188.0, -253.0, 315.0, 35]
[35, -50, 40, 80, 0, 0, 0, 159.0, -451.0, 43.0, -159.0, 269.0, -43.0, 315.0, 40]
[35, -70, -25, 80, 0, 0, 0, 244.0, -380.0, -28.0, -244.0, 198.0, 28.0, 315.0, 40]
[35, -80, -15, 80, 0, 0, 0, 214.0, -411.0, 36.0, -214.0, 229.0, -36.0, 315.0, 40]
[35, -80, 25, 80, 0, 0, 0, 126.0, -435.0, 140.0, -126.0, 253.0, -140.0, 315.0, 40]
[35, -90, 5, 80, 0, 0, 0, 155.0, -424.0, 130.0, -155.0, 242.0, -130.0, 315.0, 40]
[35, -90, 10, 80, 0, 0, 0, 143.0, -424.0, 143.0, -143.0, 242.0, -143.0, 315.0, 40]
[35, -90, 15, 80, 0, 0, 0, 130.0, -424.0, 155.0, -130.0, 242.0, -155.0, 315.0, 40]
[40, -10, 45, 80, 0, 0, 0, 247.0, -365.0, -71.0, -247.0, 183.0, 71.0, 315.0, 40]
[40, -45, 15, 80, 0, 0, 0, 236.0, -390.0, 23.0, -236.0, 208.0, -23.0, 315.0, 40]
[40, -50, 15, 80, 0, 0, 0, 224.0, -401.0, 37.0, -224.0, 219.0, -37.0, 315.0, 40]
[40, -55, -5, 80, 0, 0, 0, 253.0, -370.0, 12.0, -253.0, 188.0, -12.0, 315.0, 40]
[40, -60, 10, 80, 0, 0, 0, 211.0, -409.0, 59.0, -211.0, 227.0, -59.0, 315.0, 40]
[40, -65, 10, 80, 0, 0, 0, 198.0, -416.0, 74.0, -198.0, 234.0, -74.0, 315.0, 40]
[40, -70, 20, 80, 0, 0, 0, 157.0, -433.0, 109.0, -157.0, 251.0, -109.0, 315.0, 40]
[40, -70, 35, 80, 0, 0, 0, 110.0, -449.0, 127.0, -110.0, 267.0, -127.0, 315.0, 40]
[40, -75, 10, 80, 0, 0, 0, 171.0, -425.0, 106.0, -171.0, 243.0, -106.0, 315.0, 40]
[40, -80, -15, 80, 0, 0, 0, 210.0, -411.0, 54.0, -210.0, 229.0, -54.0, 315.0, 40]
[40, -80, -10, 80, 0, 0, 0, 202.0, -414.0, 70.0, -202.0, 232.0, -70.0, 315.0, 40]
[40, -85, 20, 80, 0, 0, 0, 115.0, -429.0, 159.0, -115.0, 247.0, -159.0, 315.0, 40]
[130, -60, 10, 80, 0, 0, 0, -59.0, -409.0, 211.0, 59.0, 227.0, -211.0, 315.0, 40]
[130, -65, 10, 80, 0, 0, 0, -74.0, -416.0, 198.0, 74.0, 234.0, -198.0, 315.0, 40]
[130, -70, 20, 80, 0, 0, 0, -109.0, -433.0, 157.0, 109.0, 251.0, -157.0, 315.0, 40]
[130, -70, 35, 80, 0, 0, 0, -127.0, -449.0, 110.0, 127.0, 267.0, -110.0, 315.0, 40]
[130, -75, 10, 80, 0, 0, 0, -106.0, -425.0, 171.0, 106.0, 243.0, -171.0, 315.0, 40]
[130, -80, -15, 80, 0, 0, 0, -54.0, -411.0, 210.0, 54.0, 229.0, -210.0, 315.0, 40]
[130, -80, -10, 80, 0, 0, 0, -70.0, -414.0, 202.0, 70.0, 232.0, -202.0, 315.0, 40]
[130, -85, 20, 80, 0, 0, 0, -159.0, -429.0, 115.0, 159.0, 247.0, -115.0, 315.0, 40]
[130, -85, 35, 80, 0, 0, 0, -179.0, -433.0, 66.0, 179.0, 251.0, -66.0, 315.0, 40]
[130, -90, 0, 80, 0, 0, 0, -130.0, -424.0, 155.0, 130.0, 242.0, -155.0, 315.0, 40]
[130, -90, 5, 80, 0, 0, 0, -143.0, -424.0, 143.0, 143.0, 242.0, -143.0, 315.0, 40]
[130, -90, 10, 80, 0, 0, 0, -155.0, -424.0, 130.0, 155.0, 242.0, -130.0, 315.0, 40]
[135, -5, -15, 80, 0, 0, 0, 35.0, -151.0, 312.0, -35.0, -31.0, -312.0, 315.0, 40]
[135, -10, 5, 80, 0, 0, 0, 24.0, -241.0, 309.0, -24.0, 59.0, -309.0, 315.0, 40]
[135, -15, 15, 80, 0, 0, 0, 17.0, -295.0, 294.0, -17.0, 113.0, -294.0, 315.0, 40]
[135, -25, -5, 80, 0, 0, 0, 18.0, -268.0, 303.0, -18.0, 86.0, -303.0, 315.0, 40]
[135, -35, -5, 80, 0, 0, 0, 5.0, -306.0, 290.0, -5.0, 124.0, -290.0, 315.0, 40]
[135, -40, 30, 80, 0, 0, 0, -39.0, -415.0, 209.0, 39.0, 233.0, -209.0, 315.0, 40]
[135, -45, 15, 80, 0, 0, 0, -44.0, -390.0, 233.0, 44.0, 208.0, -233.0, 315.0, 40]
[40, -85, 35, 80, 0, 0, 0, 66.0, -433.0, 179.0, -66.0, 251.0, -179.0, 315.0, 45]
[40, -90, 0, 80, 0, 0, 0, 155.0, -424.0, 130.0, -155.0, 242.0, -130.0, 315.0, 45]
[40, -90, 5, 80, 0, 0, 0, 143.0, -424.0, 143.0, -143.0, 242.0, -143.0, 315.0, 45]
[40, -90, 10, 80, 0, 0, 0, 130.0, -424.0, 155.0, -130.0, 242.0, -155.0, 315.0, 45]
[45, -5, -15, 80, 0, 0, 0, 312.0, -151.0, -35.0, -312.0, -31.0, 35.0, 315.0, 45]
[45, -10, 5, 80, 0, 0, 0, 309.0, -241.0, -24.0, -309.0, 59.0, 24.0, 315.0, 45]
[45, -15, 15, 80, 0, 0, 0, 294.0, -295.0, -17.0, -294.0, 113.0, 17.0, 315.0, 45]
[45, -25, -5, 80, 0, 0, 0, 303.0, -268.0, -18.0, -303.0, 86.0, 18.0, 315.0, 45]
[45, -35, -5, 80, 0, 0, 0, 290.0, -306.0, -5.0, -290.0, 124.0, 5.0, 315.0, 45]
[45, -40, 30, 80, 0, 0, 0, 209.0, -415.0, 39.0, -209.0, 233.0, -39.0, 315.0, 45]
[45, -45, 15, 80, 0, 0, 0, 233.0, -390.0, 44.0, -233.0, 208.0, -44.0, 315.0, 45]
[45, -50, 40, 80, 0, 0, 0, 149.0, -451.0, 70.0, -149.0, 269.0, -70.0, 315.0, 45]
[45, -55, -5, 80, 0, 0, 0, 251.0, -370.0, 34.0, -251.0, 188.0, -34.0, 315.0, 45]
[45, -60, 10, 80, 0, 0, 0, 205.0, -409.0, 77.0, -205.0, 227.0, -77.0, 315.0, 45]
[45, -65, -35, 80, 0, 0, 0, 264.0, -352.0, -29.0, -264.0, 170.0, 29.0, 315.0, 45]
[45, -65, 10, 80, 0, 0, 0, 191.0, -416.0, 91.0, -191.0, 234.0, -91.0, 315.0, 45]
[45, -70, 20, 80, 0, 0, 0, 147.0, -433.0, 122.0, -147.0, 251.0, -122.0, 315.0, 45]
[45, -75, -5, 80, 0, 0, 0, 199.0, -411.0, 86.0, -199.0, 229.0, -86.0, 315.0, 45]
[45, -85, 10, 80, 0, 0, 0, 131.0, -426.0, 151.0, -131.0, 244.0, -151.0, 315.0, 45]
[135, -50, 40, 80, 0, 0, 0, -70.0, -451.0, 149.0, 70.0, 269.0, -149.0, 315.0, 45]
[135, -55, -5, 80, 0, 0, 0, -34.0, -370.0, 251.0, 34.0, 188.0, -251.0, 315.0, 45]
[135, -60, 10, 80, 0, 0, 0, -77.0, -409.0, 205.0, 77.0, 227.0, -205.0, 315.0, 45]
[135, -65, -35, 80, 0, 0, 0, 29.0, -352.0, 264.0, -29.0, 170.0, -264.0, 315.0, 45]
[135, -65, 10, 80, 0, 0, 0, -91.0, -416.0, 191.0, 91.0, 234.0, -191.0, 315.0, 45]
[135, -70, 20, 80, 0, 0, 0, -122.0, -433.0, 147.0, 122.0, 251.0, -147.0, 315.0, 45]
[135, -75, -5, 80, 0, 0, 0, -86.0, -411.0, 199.0, 86.0, 229.0, -199.0, 315.0, 45]
[135, -85, 10, 80, 0, 0, 0, -151.0, -426.0, 131.0, 151.0, 244.0, -131.0, 315.0, 45]
[135, -90, -5, 80, 0, 0, 0, -130.0, -424.0, 155.0, 130.0, 242.0, -155.0, 315.0, 45]
[135, -90, 0, 80, 0, 0, 0, -143.0, -424.0, 143.0, 143.0, 242.0, -143.0, 315.0, 45]
[135, -90, 5, 80, 0, 0, 0, -155.0, -424.0, 130.0, 155.0, 242.0, -130.0, 315.0, 45]
[45, -90, -5, 80, 0, 0, 0, 155.0, -424.0, 130.0, -155.0, 242.0, -130.0, 315.0, 50]
[45, -90, 0, 80, 0, 0, 0, 143.0, -424.0, 143.0, -143.0, 242.0, -143.0, 315.0, 50]
[45, -90, 5, 80, 0, 0, 0, 130.0, -424.0, 155.0, -130.0, 242.0, -155.0, 315.0, 50]
[50, 0, -40, 80, 0, 0, 0, 285.0, -52.0, -37.0, -285.0, -130.0, 37.0, 315.0, 50]
[50, 0, -35, 80, 0, 0, 0, 292.0, -66.0, -28.0, -292.0, -116.0, 28.0, 315.0, 50]
[50, 0, 35, 80, 0, 0, 0, 292.0, -298.0, -28.0, -292.0, 116.0, 28.0, 315.0, 50]
[50, 0, 40, 80, 0, 0, 0, 285.0, -312.0, -37.0, -285.0, 130.0, 37.0, 315.0, 50]
[50, -10, 40, 80, 0, 0, 0, 265.0, -352.0, -20.0, -265.0, 170.0, 20.0, 315.0, 50]
[50, -25, 5, 80, 0, 0, 0, 292.0, -300.0, 18.0, -292.0, 118.0, -18.0, 315.0, 50]
[50, -35, 45, 80, 0, 0, 0, 181.0, -438.0, 35.0, -181.0, 256.0, -35.0, 315.0, 50]
[50, -50, 15, 80, 0, 0, 0, 214.0, -401.0, 76.0, -214.0, 219.0, -76.0, 315.0, 50]
[50, -55, -25, 80, 0, 0, 0, 278.0, -331.0, 6.0, -278.0, 149.0, -6.0, 315.0, 50]
[50, -55, -15, 80, 0, 0, 0, 265.0, -350.0, 33.0, -265.0, 168.0, -33.0, 315.0, 50]
[50, -55, -5, 80, 0, 0, 0, 247.0, -370.0, 56.0, -247.0, 188.0, -56.0, 315.0, 50]
[50, -55, 20, 80, 0, 0, 0, 185.0, -420.0, 93.0, -185.0, 238.0, -93.0, 315.0, 50]
[50, -75, -40, 80, 0, 0, 0, 244.0, -382.0, -2.0, -244.0, 200.0, 2.0, 315.0, 50]
[50, -85, 35, 80, 0, 0, 0, 34.0, -433.0, 188.0, -34.0, 251.0, -188.0, 315.0, 50]
[50, -90, -10, 80, 0, 0, 0, 155.0, -424.0, 130.0, -155.0, 242.0, -130.0, 315.0, 50]
[50, -90, -5, 80, 0, 0, 0, 143.0, -424.0, 143.0, -143.0, 242.0, -143.0, 315.0, 50]
[50, -90, 0, 80, 0, 0, 0, 130.0, -424.0, 155.0, -130.0, 242.0, -155.0, 315.0, 55]
[55, -15, -40, 80, 0, 0, 0, 308.0, -119.0, -26.0, -308.0, -63.0, 26.0, 315.0, 55]
[55, -20, 5, 80, 0, 0, 0, 297.0, -281.0, 38.0, -297.0, 99.0, -38.0, 315.0, 55]
[55, -25, 45, 80, 0, 0, 0, 212.0, -414.0, 26.0, -212.0, 232.0, -26.0, 315.0, 55]
[55, -30, 45, 80, 0, 0, 0, 195.0, -427.0, 38.0, -195.0, 245.0, -38.0, 315.0, 55]
[55, -35, 45, 80, 0, 0, 0, 177.0, -438.0, 51.0, -177.0, 256.0, -51.0, 315.0, 55]
[55, -40, 30, 80, 0, 0, 0, 199.0, -415.0, 75.0, -199.0, 233.0, -75.0, 315.0, 55]
[55, -45, 20, 80, 0, 0, 0, 209.0, -402.0, 86.0, -209.0, 220.0, -86.0, 315.0, 55]
[55, -55, -15, 80, 0, 0, 0, 261.0, -350.0, 56.0, -261.0, 168.0, -56.0, 315.0, 55]
[55, -55, 0, 80, 0, 0, 0, 230.0, -380.0, 86.0, -230.0, 198.0, -86.0, 315.0, 55]
[55, -65, -15, 80, 0, 0, 0, 235.0, -379.0, 74.0, -235.0, 197.0, -74.0, 315.0, 55]
[55, -65, 10, 80, 0, 0, 0, 172.0, -416.0, 123.0, -172.0, 234.0, -123.0, 315.0, 55]
[55, -75, -15, 80, 0, 0, 0, 205.0, -402.0, 95.0, -205.0, 220.0, -95.0, 315.0, 55]
[55, -85, -20, 80, 0, 0, 0, 183.0, -417.0, 104.0, -183.0, 235.0, -104.0, 315.0, 55]
[55, -90, -15, 80, 0, 0, 0, 155.0, -424.0, 130.0, -155.0, 242.0, -130.0, 315.0, 55]
[55, -90, -10, 80, 0, 0, 0, 143.0, -424.0, 143.0, -143.0, 242.0, -143.0, 315.0, 55]
[55, -90, -5, 80, 0, 0, 0, 130.0, -424.0, 155.0, -130.0, 242.0, -155.0, 315.0, 55]
[60, -10, -25, 80, 0, 0, 0, 311.0, -140.0, 32.0, -311.0, -42.0, -32.0, 315.0, 55]
[60, -20, -5, 80, 0, 0, 0, 303.0, -248.0, 58.0, -303.0, 66.0, -58.0, 315.0, 55]
[60, -25, 45, 80, 0, 0, 0, 209.0, -414.0, 45.0, -209.0, 232.0, -45.0, 315.0, 60]
[60, -30, 45, 80, 0, 0, 0, 191.0, -427.0, 55.0, -191.0, 245.0, -55.0, 315.0, 60]
[60, -35, 45, 80, 0, 0, 0, 172.0, -438.0, 66.0, -172.0, 256.0, -66.0, 315.0, 60]
[60, -45, -15, 80, 0, 0, 0, 278.0, -316.0, 65.0, -278.0, 134.0, -65.0, 315.0, 60]
[60, -65, -20, 80, 0, 0, 0, 238.0, -372.0, 82.0, -238.0, 190.0, -82.0, 315.0, 60]
[60, -70, 30, 80, 0, 0, 0, 77.0, -444.0, 158.0, -77.0, 262.0, -158.0, 315.0, 60]
[60, -70, 35, 80, 0, 0, 0, 60.0, -449.0, 157.0, -60.0, 267.0, -157.0, 315.0, 60]
[60, -80, 25, 80, 0, 0, 0, 55.0, -435.0, 180.0, -55.0, 253.0, -180.0, 315.0, 60]
[60, -85, 35, 80, 0, 0, 0, 1.0, -433.0, 191.0, -1.0, 251.0, -191.0, 315.0, 60]
[60, -90, -20, 80, 0, 0, 0, 155.0, -424.0, 130.0, -155.0, 242.0, -130.0, 315.0, 60]
[60, -90, -15, 80, 0, 0, 0, 143.0, -424.0, 143.0, -143.0, 242.0, -143.0, 315.0, 60]
[60, -90, -10, 80, 0, 0, 0, 130.0, -424.0, 155.0, -130.0, 242.0, -155.0, 315.0, 60]
[65, -5, 10, 80, 0, 0, 0, 300.0, -238.0, 80.0, -300.0, 56.0, -80.0, 315.0, 60]
[65, -10, -40, 80, 0, 0, 0, 302.0, -96.0, 30.0, -302.0, -86.0, -30.0, 315.0, 60]
[65, -10, 40, 80, 0, 0, 0, 261.0, -352.0, 50.0, -261.0, 170.0, -50.0, 315.0, 60]
[65, -20, 25, 80, 0, 0, 0, 257.0, -345.0, 83.0, -257.0, 163.0, -83.0, 315.0, 60]
[65, -20, 35, 80, 0, 0, 0, 240.0, -374.0, 71.0, -240.0, 192.0, -71.0, 315.0, 60]
[65, -35, -20, 80, 0, 0, 0, 296.0, -264.0, 72.0, -296.0, 82.0, -72.0, 315.0, 60]
[65, -35, -5, 80, 0, 0, 0, 274.0, -306.0, 95.0, -274.0, 124.0, -95.0, 315.0, 60]
[65, -40, 30, 80, 0, 0, 0, 183.0, -415.0, 108.0, -183.0, 233.0, -108.0, 315.0, 65]
[65, -45, 15, 80, 0, 0, 0, 204.0, -390.0, 121.0, -204.0, 208.0, -121.0, 315.0, 65]
[65, -45, 20, 80, 0, 0, 0, 191.0, -402.0, 121.0, -191.0, 220.0, -121.0, 315.0, 65]
[65, -50, -25, 80, 0, 0, 0, 278.0, -312.0, 73.0, -278.0, 130.0, -73.0, 315.0, 65]
[65, -50, 40, 80, 0, 0, 0, 116.0, -451.0, 117.0, -116.0, 269.0, -117.0, 315.0, 65]
[65, -55, -30, 80, 0, 0, 0, 275.0, -322.0, 65.0, -275.0, 140.0, -65.0, 315.0, 65]
[65, -55, -5, 80, 0, 0, 0, 224.0, -370.0, 118.0, -224.0, 188.0, -118.0, 315.0, 65]
[65, -65, 10, 80, 0, 0, 0, 148.0, -416.0, 151.0, -148.0, 234.0, -151.0, 315.0, 65]
[65, -70, 30, 80, 0, 0, 0, 63.0, -444.0, 164.0, -63.0, 262.0, -164.0, 315.0, 65]
[65, -80, -35, 80, 0, 0, 0, 212.0, -400.0, 84.0, -212.0, 218.0, -84.0, 315.0, 65]
[65, -85, -10, 80, 0, 0, 0, 135.0, -420.0, 157.0, -135.0, 238.0, -157.0, 315.0, 65]
[65, -90, -25, 80, 0, 0, 0, 155.0, -424.0, 130.0, -155.0, 242.0, -130.0, 315.0, 65]
[65, -90, -20, 80, 0, 0, 0, 143.0, -424.0, 143.0, -143.0, 242.0, -143.0, 315.0, 65]
[65, -90, -15, 80, 0, 0, 0, 130.0, -424.0, 155.0, -130.0, 242.0, -155.0, 315.0, 65]
[70, 0, -35, 80, 0, 0, 0, 284.0, -66.0, 73.0, -284.0, -116.0, -73.0, 315.0, 65]
[70, 0, 35, 80, 0, 0, 0, 284.0, -298.0, 73.0, -284.0, 116.0, -73.0, 315.0, 65]
[70, -10, 5, 80, 0, 0, 0, 290.0, -241.0, 109.0, -290.0, 59.0, -109.0, 315.0, 65]
[70, -15, 35, 80, 0, 0, 0, 248.0, -357.0, 86.0, -248.0, 175.0, -86.0, 315.0, 65]
[70, -20, 5, 80, 0, 0, 0, 277.0, -281.0, 114.0, -277.0, 99.0, -114.0, 315.0, 65]
[70, -20, 40, 80, 0, 0, 0, 225.0, -387.0, 83.0, -225.0, 205.0, -83.0, 315.0, 70]
[70, -25, -5, 80, 0, 0, 0, 282.0, -268.0, 112.0, -282.0, 86.0, -112.0, 315.0, 70]
[70, -25, 5, 80, 0, 0, 0, 268.0, -300.0, 117.0, -268.0, 118.0, -117.0, 315.0, 70]
[70, -25, 45, 80, 0, 0, 0, 198.0, -414.0, 80.0, -198.0, 232.0, -80.0, 315.0, 70]
[70, -35, 45, 80, 0, 0, 0, 158.0, -438.0, 95.0, -158.0, 256.0, -95.0, 315.0, 70]
[70, -40, 25, 80, 0, 0, 0, 185.0, -403.0, 128.0, -185.0, 221.0, -128.0, 315.0, 70]
[70, -50, -30, 80, 0, 0, 0, 279.0, -302.0, 85.0, -279.0, 120.0, -85.0, 315.0, 70]
[70, -50, 35, 80, 0, 0, 0, 119.0, -442.0, 133.0, -119.0, 260.0, -133.0, 315.0, 70]
[70, -55, -25, 80, 0, 0, 0, 259.0, -331.0, 101.0, -259.0, 149.0, -101.0, 315.0, 70]
[70, -55, -5, 80, 0, 0, 0, 213.0, -370.0, 137.0, -213.0, 188.0, -137.0, 315.0, 70]
[70, -60, -20, 80, 0, 0, 0, 235.0, -357.0, 117.0, -235.0, 175.0, -117.0, 315.0, 70]
[70, -65, -40, 80, 0, 0, 0, 260.0, -346.0, 71.0, -260.0, 164.0, -71.0, 315.0, 70]
[70, -70, 30, 80, 0, 0, 0, 48.0, -444.0, 169.0, -48.0, 262.0, -169.0, 315.0, 70]
[70, -70, 35, 80, 0, 0, 0, 32.0, -449.0, 165.0, -32.0, 267.0, -165.0, 315.0, 70]
[70, -80, -10, 80, 0, 0, 0, 140.0, -414.0, 161.0, -140.0, 232.0, -161.0, 315.0, 70]
[70, -80, 25, 80, 0, 0, 0, 23.0, -435.0, 187.0, -23.0, 253.0, -187.0, 315.0, 70]
[70, -85, 0, 80, 0, 0, 0, 89.0, -423.0, 183.0, -89.0, 241.0, -183.0, 315.0, 70]
[70, -90, -30, 80, 0, 0, 0, 155.0, -424.0, 130.0, -155.0, 242.0, -130.0, 315.0, 70]
[70, -90, -25, 80, 0, 0, 0, 143.0, -424.0, 143.0, -143.0, 242.0, -143.0, 315.0, 70]
[70, -90, -20, 80, 0, 0, 0, 130.0, -424.0, 155.0, -130.0, 242.0, -155.0, 315.0, 75]
[75, 0, -30, 80, 0, 0, 0, 279.0, -81.0, 107.0, -279.0, -101.0, -107.0, 315.0, 75]
[75, 0, -20, 80, 0, 0, 0, 283.0, -113.0, 121.0, -283.0, -69.0, -121.0, 315.0, 75]
[75, 0, 20, 80, 0, 0, 0, 283.0, -251.0, 121.0, -283.0, 69.0, -121.0, 315.0, 75]
[75, 0, 30, 80, 0, 0, 0, 279.0, -283.0, 107.0, -279.0, 101.0, -107.0, 315.0, 75]
[75, -10, -20, 80, 0, 0, 0, 291.0, -156.0, 119.0, -291.0, -26.0, -119.0, 315.0, 75]
[75, -30, 5, 80, 0, 0, 0, 246.0, -318.0, 143.0, -246.0, 136.0, -143.0, 315.0, 75]
[75, -35, -20, 80, 0, 0, 0, 279.0, -264.0, 122.0, -279.0, 82.0, -122.0, 315.0, 75]
[75, -35, 5, 80, 0, 0, 0, 234.0, -335.0, 146.0, -234.0, 153.0, -146.0, 315.0, 75]
[75, -35, 35, 80, 0, 0, 0, 170.0, -416.0, 126.0, -170.0, 234.0, -126.0, 315.0, 75]
[75, -35, 45, 80, 0, 0, 0, 149.0, -438.0, 108.0, -149.0, 256.0, -108.0, 315.0, 75]
[75, -40, -40, 80, 0, 0, 0, 300.0, -238.0, 80.0, -300.0, 56.0, -80.0, 315.0, 75]
[75, -45, 20, 80, 0, 0, 0, 167.0, -402.0, 152.0, -167.0, 220.0, -152.0, 315.0, 75]
[75, -50, -25, 80, 0, 0, 0, 261.0, -312.0, 120.0, -261.0, 130.0, -120.0, 315.0, 75]
[75, -50, 15, 80, 0, 0, 0, 162.0, -401.0, 159.0, -162.0, 219.0, -159.0, 315.0, 75]
[75, -50, 35, 80, 0, 0, 0, 107.0, -442.0, 143.0, -107.0, 260.0, -143.0, 315.0, 75]
[75, -55, -15, 80, 0, 0, 0, 226.0, -350.0, 142.0, -226.0, 168.0, -142.0, 315.0, 75]
[75, -70, -25, 80, 0, 0, 0, 205.0, -380.0, 135.0, -205.0, 198.0, -135.0, 315.0, 75]
[75, -70, 35, 80, 0, 0, 0, 17.0, -449.0, 167.0, -17.0, 267.0, -167.0, 315.0, 75]
[75, -75, -40, 80, 0, 0, 0, 222.0, -382.0, 101.0, -222.0, 200.0, -101.0, 315.0, 80]
[75, -85, 0, 80, 0, 0, 0, 73.0, -423.0, 190.0, -73.0, 241.0, -190.0, 315.0, 80]
[75, -90, -35, 80, 0, 0, 0, 155.0, -424.0, 130.0, -155.0, 242.0, -130.0, 315.0, 80]
[75, -90, -30, 80, 0, 0, 0, 143.0, -424.0, 143.0, -143.0, 242.0, -143.0, 315.0, 80]
[75, -90, -25, 80, 0, 0, 0, 130.0, -424.0, 155.0, -130.0, 242.0, -155.0, 315.0, 80]
[80, -5, -10, 80, 0, 0, 0, 275.0, -168.0, 154.0, -275.0, -14.0, -154.0, 315.0, 80]
[80, -5, 10, 80, 0, 0, 0, 269.0, -238.0, 155.0, -269.0, 56.0, -155.0, 315.0, 80]
[80, -10, 20, 80, 0, 0, 0, 256.0, -292.0, 148.0, -256.0, 110.0, -148.0, 315.0, 80]
[80, -10, 45, 80, 0, 0, 0, 235.0, -365.0, 104.0, -235.0, 183.0, -104.0, 315.0, 80]
[80, -20, 40, 80, 0, 0, 0, 207.0, -387.0, 121.0, -207.0, 205.0, -121.0, 315.0, 80]
[80, -25, -40, 80, 0, 0, 0, 297.0, -166.0, 105.0, -297.0, -16.0, -105.0, 315.0, 80]
[80, -35, 45, 80, 0, 0, 0, 139.0, -438.0, 121.0, -139.0, 256.0, -121.0, 315.0, 80]
[80, -40, -30, 80, 0, 0, 0, 277.0, -260.0, 129.0, -277.0, 78.0, -129.0, 315.0, 80]
[80, -40, 25, 80, 0, 0, 0, 160.0, -403.0, 158.0, -160.0, 221.0, -158.0, 315.0, 80]
[80, -50, -45, 80, 0, 0, 0, 286.0, -275.0, 95.0, -286.0, 93.0, -95.0, 315.0, 80]
[80, -50, -30, 80, 0, 0, 0, 260.0, -302.0, 132.0, -260.0, 120.0, -132.0, 315.0, 80]
[80, -50, 10, 80, 0, 0, 0, 161.0, -390.0, 174.0, -161.0, 208.0, -174.0, 315.0, 80]
[80, -50, 35, 80, 0, 0, 0, 94.0, -442.0, 152.0, -94.0, 260.0, -152.0, 315.0, 80]
[80, -50, 40, 80, 0, 0, 0, 82.0, -451.0, 143.0, -82.0, 269.0, -143.0, 315.0, 80]
[80, -55, -15, 80, 0, 0, 0, 213.0, -350.0, 161.0, -213.0, 168.0, -161.0, 315.0, 85]
[80, -55, -5, 80, 0, 0, 0, 186.0, -370.0, 172.0, -186.0, 188.0, -172.0, 315.0, 85]
[80, -70, 35, 80, 0, 0, 0, 3.0, -449.0, 168.0, -3.0, 267.0, -168.0, 315.0, 85]
[80, -80, -35, 80, 0, 0, 0, 183.0, -400.0, 136.0, -183.0, 218.0, -136.0, 315.0, 85]
[80, -80, -10, 80, 0, 0, 0, 110.0, -414.0, 183.0, -110.0, 232.0, -183.0, 315.0, 85]
[80, -80, 25, 80, 0, 0, 0, -10.0, -435.0, 188.0, 10.0, 253.0, -188.0, 315.0, 85]
[80, -90, -40, 80, 0, 0, 0, 155.0, -424.0, 130.0, -155.0, 242.0, -130.0, 315.0, 85]
[80, -90, -35, 80, 0, 0, 0, 143.0, -424.0, 143.0, -143.0, 242.0, -143.0, 315.0, 85]
[80, -90, -30, 80, 0, 0, 0, 130.0, -424.0, 155.0, -130.0, 242.0, -155.0, 315.0, 85]
[85, -10, 45, 80, 0, 0, 0, 225.0, -365.0, 124.0, -225.0, 183.0, -124.0, 315.0, 85]
[85, -15, -40, 80, 0, 0, 0, 280.0, -119.0, 131.0, -280.0, -63.0, -131.0, 315.0, 85]
[85, -15, 10, 80, 0, 0, 0, 241.0, -279.0, 179.0, -241.0, 97.0, -179.0, 315.0, 85]
[85, -30, -35, 80, 0, 0, 0, 281.0, -202.0, 142.0, -281.0, 20.0, -142.0, 315.0, 85]
[85, -35, -5, 80, 0, 0, 0, 225.0, -306.0, 183.0, -225.0, 124.0, -183.0, 315.0, 85]
[85, -45, 20, 80, 0, 0, 0, 138.0, -402.0, 179.0, -138.0, 220.0, -179.0, 315.0, 85]
[85, -55, -15, 80, 0, 0, 0, 198.0, -350.0, 179.0, -198.0, 168.0, -179.0, 315.0, 85]
[85, -65, -25, 80, 0, 0, 0, 195.0, -365.0, 167.0, -195.0, 183.0, -167.0, 315.0, 85]
[85, -65, -15, 80, 0, 0, 0, 166.0, -379.0, 182.0, -166.0, 197.0, -182.0, 315.0, 85]
[85, -70, 20, 80, 0, 0, 0, 34.0, -433.0, 188.0, -34.0, 251.0, -188.0, 315.0, 85]
[85, -75, -40, 80, 0, 0, 0, 201.0, -382.0, 138.0, -201.0, 200.0, -138.0, 315.0, 90]
[85, -75, -15, 80, 0, 0, 0, 130.0, -402.0, 185.0, -130.0, 220.0, -185.0, 315.0, 90]
[85, -75, -5, 80, 0, 0, 0, 97.0, -411.0, 194.0, -97.0, 229.0, -194.0, 315.0, 90]
[85, -80, -10, 80, 0, 0, 0, 94.0, -414.0, 192.0, -94.0, 232.0, -192.0, 315.0, 90]
[85, -90, -45, 80, 0, 0, 0, 155.0, -424.0, 130.0, -155.0, 242.0, -130.0, 315.0, 90]
[85, -90, -40, 80, 0, 0, 0, 143.0, -424.0, 143.0, -143.0, 242.0, -143.0, 315.0, 90]
[85, -90, -35, 80, 0, 0, 0, 130.0, -424.0, 155.0, -130.0, 242.0, -155.0, 315.0, 90]
[85, -90, 45, 80, 0, 0, 0, -130.0, -424.0, 155.0, 130.0, 242.0, -155.0, 315.0, 90]
[90, 0, -45, 80, 0, 0, 0, 242.0, -39.0, 143.0, -242.0, -143.0, -143.0, 315.0, 90]
[90, 0, -40, 80, 0, 0, 0, 242.0, -52.0, 155.0, -242.0, -130.0, -155.0, 315.0, 90]
[90, 0, 40, 80, 0, 0, 0, 242.0, -312.0, 155.0, -242.0, 130.0, -155.0, 315.0, 90]
[90, 0, 45, 80, 0, 0, 0, 242.0, -325.0, 143.0, -242.0, 143.0, -143.0, 315.0, 90]
[90, -20, -35, 80, 0, 0, 0, 267.0, -156.0, 166.0, -267.0, -26.0, -166.0, 315.0, 90]
[90, -20, 40, 80, 0, 0, 0, 183.0, -387.0, 155.0, -183.0, 205.0, -155.0, 315.0, 90]
[90, -30, 45, 80, 0, 0, 0, 138.0, -427.0, 143.0, -138.0, 245.0, -143.0, 315.0, 90]
[90, -35, 45, 80, 0, 0, 0, 116.0, -438.0, 143.0, -116.0, 256.0, -143.0, 315.0, 90]
[90, -40, -40, 80, 0, 0, 0, 269.0, -238.0, 155.0, -269.0, 56.0, -155.0, 315.0, 90]
[90, -50, 40, 80, 0, 0, 0, 56.0, -451.0, 155.0, -56.0, 269.0, -155.0, 315.0, 90]
[90, -55, -45, 80, 0, 0, 0, 256.0, -298.0, 143.0, -256.0, 116.0, -143.0, 315.0, 90]
