[0, 0, -10, 135, 0, 0, 0, 143.0, -157.0, -61.0, -143.0, -25.0, 61.0, 157.0, 0]
[0, 0, 10, 135, 0, 0, 0, 143.0, -207.0, -61.0, -143.0, 25.0, 61.0, 157.0, 0]
[0, -5, 10, 135, 0, 0, 0, 143.0, -213.0, -58.0, -143.0, 31.0, 58.0, 157.0, 0]
[0, -10, -10, 135, 0, 0, 0, 143.0, -168.0, -64.0, -143.0, -14.0, 64.0, 157.0, 0]
[0, -15, -35, 135, 0, 0, 0, 119.0, -117.0, -80.0, -119.0, -65.0, 80.0, 157.0, 0]
[0, -15, -10, 135, 0, 0, 0, 143.0, -173.0, -65.0, -143.0, -9.0, 65.0, 157.0, 0]
[0, -15, 10, 135, 0, 0, 0, 143.0, -222.0, -52.0, -143.0, 40.0, 52.0, 157.0, 0]
[0, -15, 35, 135, 0, 0, 0, 119.0, -278.0, -37.0, -119.0, 96.0, 37.0, 157.0, 0]
[0, -20, 35, 135, 0, 0, 0, 119.0, -281.0, -29.0, -119.0, 99.0, 29.0, 157.0, 0]
[0, -25, -35, 135, 0, 0, 0, 119.0, -132.0, -90.0, -119.0, -50.0, 90.0, 157.0, 0]
[0, -25, 10, 135, 0, 0, 0, 143.0, -231.0, -44.0, -143.0, 49.0, 44.0, 157.0, 0]
[0, -25, 35, 135, 0, 0, 0, 119.0, -283.0, -20.0, -119.0, 101.0, 20.0, 157.0, 0]
[0, -30, -35, 135, 0, 0, 0, 119.0, -140.0, -94.0, -119.0, -42.0, 94.0, 157.0, 0]
[0, -30, -10, 135, 0, 0, 0, 143.0, -191.0, -65.0, -143.0, 9.0, 65.0, 157.0, 0]
[0, -30, 10, 135, 0, 0, 0, 143.0, -234.0, -40.0, -143.0, 52.0, 40.0, 157.0, 0]
[0, -30, 30, 135, 0, 0, 0, 126.0, -275.0, -16.0, -126.0, 93.0, 16.0, 157.0, 0]
[0, -35, -10, 135, 0, 0, 0, 143.0, -196.0, -64.0, -143.0, 14.0, 64.0, 157.0, 0]
[0, -35, 35, 135, 0, 0, 0, 119.0, -285.0, -2.0, -119.0, 103.0, 2.0, 157.0, 0]
[0, -40, -35, 135, 0, 0, 0, 119.0, -157.0, -100.0, -119.0, -25.0, 100.0, 157.0, 0]
[40, -75, 45, 135, 0, 0, 0, 25.0, -267.0, 130.0, -25.0, 85.0, -130.0, 157.0, 0]
[40, -80, -15, 135, 0, 0, 0, 138.0, -235.0, 54.0, -138.0, 53.0, -54.0, 157.0, 0]
[40, -85, -35, 135, 0, 0, 0, 148.0, -235.0, 9.0, -148.0, 53.0, -9.0, 157.0, 0]
[40, -85, -10, 135, 0, 0, 0, 129.0, -240.0, 69.0, -129.0, 58.0, -69.0, 157.0, 0]
[40, -85, 35, 135, 0, 0, 0, 41.0, -250.0, 136.0, -41.0, 68.0, -136.0, 157.0, 0]
[40, -90, -30, 135, 0, 0, 0, 143.0, -243.0, 25.0, -143.0, 61.0, -25.0, 157.0, 0]
[40, -90, 40, 135, 0, 0, 0, 25.0, -243.0, 143.0, -25.0, 61.0, -143.0, 157.0, 0]
[45, 0, -10, 135, 0, 0, 0, 144.0, -157.0, 58.0, -144.0, -25.0, -58.0, 157.0, 0]
[45, 0, 10, 135, 0, 0, 0, 144.0, -207.0, 58.0, -144.0, 25.0, -58.0, 157.0, 0]
[45, -5, -35, 135, 0, 0, 0, 132.0, -104.0, 36.0, -132.0, -78.0, -36.0, 157.0, 0]
[45, -10, -25, 135, 0, 0, 0, 143.0, -132.0, 43.0, -143.0, -50.0, -43.0, 157.0, 0]
[45, -10, -20, 135, 0, 0, 0, 145.0, -144.0, 48.0, -145.0, -38.0, -48.0, 157.0, 0]
[45, -10, -15, 135, 0, 0, 0, 146.0, -155.0, 52.0, -146.0, -27.0, -52.0, 157.0, 0]
[45, -15, -20, 135, 0, 0, 0, 147.0, -150.0, 46.0, -147.0, -32.0, -46.0, 157.0, 0]
[45, -15, -5, 135, 0, 0, 0, 146.0, -185.0, 59.0, -146.0, 3.0, -59.0, 157.0, 0]
[45, -15, 30, 135, 0, 0, 0, 117.0, -268.0, 61.0, -117.0, 86.0, -61.0, 157.0, 0]
[45, -15, 40, 135, 0, 0, 0, 103.0, -288.0, 54.0, -103.0, 106.0, -54.0, 157.0, 0]
[45, -25, -35, 135, 0, 0, 0, 148.0, -132.0, 20.0, -148.0, -50.0, -20.0, 157.0, 0]
[45, -25, 35, 135, 0, 0, 0, 98.0, -283.0, 70.0, -98.0, 101.0, -70.0, 157.0, 0]
[85, -35, 45, 135, 0, 0, 0, -0.0, -301.0, 103.0, 0.0, 119.0, -103.0, 157.0, 0]
[85, -40, -10, 135, 0, 0, 0, 75.0, -202.0, 137.0, -75.0, 20.0, -137.0, 157.0, 0]
[85, -40, 35, 135, 0, 0, 0, 3.0, -285.0, 119.0, -3.0, 103.0, -119.0, 157.0, 0]
[85, -45, -30, 135, 0, 0, 0, 105.0, -174.0, 117.0, -105.0, -8.0, -117.0, 157.0, 0]
[85, -50, -5, 135, 0, 0, 0, 61.0, -220.0, 140.0, -61.0, 38.0, -140.0, 157.0, 0]
[85, -55, -30, 135, 0, 0, 0, 105.0, -190.0, 117.0, -105.0, 8.0, -117.0, 157.0, 0]
[85, -55, 5, 135, 0, 0, 0, 37.0, -239.0, 142.0, -37.0, 57.0, -142.0, 157.0, 0]
[85, -65, 35, 135, 0, 0, 0, -39.0, -272.0, 123.0, 39.0, 90.0, -123.0, 157.0, 0]
[85, -70, -20, 135, 0, 0, 0, 79.0, -222.0, 130.0, -79.0, 40.0, -130.0, 157.0, 0]
[85, -70, -15, 135, 0, 0, 0, 68.0, -226.0, 135.0, -68.0, 44.0, -135.0, 157.0, 0]
[85, -70, 0, 135, 0, 0, 0, 33.0, -239.0, 143.0, -33.0, 57.0, -143.0, 157.0, 0]
[85, -70, 15, 135, 0, 0, 0, -2.0, -252.0, 141.0, 2.0, 70.0, -141.0, 157.0, 0]
[85, -75, -35, 135, 0, 0, 0, 106.0, -219.0, 110.0, -106.0, 37.0, -110.0, 157.0, 0]
[85, -75, 45, 135, 0, 0, 0, -74.0, -267.0, 110.0, 74.0, 85.0, -110.0, 157.0, 0]
[85, -80, -30, 135, 0, 0, 0, 93.0, -229.0, 118.0, -93.0, 47.0, -118.0, 157.0, 0]
[85, -80, -25, 135, 0, 0, 0, 82.0, -231.0, 125.0, -82.0, 49.0, -125.0, 157.0, 0]
[85, -80, -20, 135, 0, 0, 0, 71.0, -233.0, 131.0, -71.0, 51.0, -131.0, 157.0, 0]
[85, -80, 15, 135, 0, 0, 0, -14.0, -248.0, 142.0, 14.0, 66.0, -142.0, 157.0, 0]
[85, -85, -15, 135, 0, 0, 0, 55.0, -239.0, 136.0, -55.0, 57.0, -136.0, 157.0, 0]
[130, -40, -15, 135, 0, 0, 0, -36.0, -192.0, 153.0, 36.0, 10.0, -153.0, 157.0, 0]
[130, -40, -5, 135, 0, 0, 0, -51.0, -211.0, 146.0, 51.0, 29.0, -146.0, 157.0, 0]
[130, -40, 10, 135, 0, 0, 0, -69.0, -240.0, 129.0, 69.0, 58.0, -129.0, 157.0, 0]
[130, -40, 30, 135, 0, 0, 0, -81.0, -277.0, 96.0, 81.0, 95.0, -96.0, 157.0, 0]
[130, -45, -30, 135, 0, 0, 0, -9.0, -174.0, 157.0, 9.0, -8.0, -157.0, 157.0, 0]
[130, -50, -15, 135, 0, 0, 0, -38.0, -204.0, 151.0, 38.0, 22.0, -151.0, 157.0, 0]
[130, -50, -10, 135, 0, 0, 0, -47.0, -212.0, 147.0, 47.0, 30.0, -147.0, 157.0, 0]
[130, -55, -30, 135, 0, 0, 0, -9.0, -190.0, 157.0, 9.0, 8.0, -157.0, 157.0, 0]
[130, -55, 15, 135, 0, 0, 0, -87.0, -253.0, 110.0, 87.0, 71.0, -110.0, 157.0, 0]
[130, -60, -35, 135, 0, 0, 0, 2.0, -193.0, 157.0, -2.0, 11.0, -157.0, 157.0, 0]
[130, -60, 25, 135, 0, 0, 0, -102.0, -265.0, 86.0, 102.0, 83.0, -86.0, 157.0, 0]
[130, -65, -45, 135, 0, 0, 0, 25.0, -194.0, 155.0, -25.0, 12.0, -155.0, 157.0, 0]
[130, -65, 35, 135, 0, 0, 0, -115.0, -272.0, 59.0, 115.0, 90.0, -59.0, 157.0, 0]
[130, -70, -45, 135, 0, 0, 0, 24.0, -204.0, 154.0, -24.0, 22.0, -154.0, 157.0, 0]
[130, -70, -40, 135, 0, 0, 0, 12.0, -207.0, 155.0, -12.0, 25.0, -155.0, 157.0, 0]
[130, -70, -20, 135, 0, 0, 0, -36.0, -222.0, 148.0, 36.0, 40.0, -148.0, 157.0, 0]
[130, -70, 25, 135, 0, 0, 0, -113.0, -260.0, 77.0, 113.0, 78.0, -77.0, 157.0, 0]
[130, -70, 45, 135, 0, 0, 0, -124.0, -274.0, 30.0, 124.0, 92.0, -30.0, 157.0, 0]
[130, -75, -35, 135, 0, 0, 0, -3.0, -219.0, 153.0, 3.0, 37.0, -153.0, 157.0, 0]
[0, -40, 10, 135, 0, 0, 0, 143.0, -240.0, -30.0, -143.0, 58.0, 30.0, 157.0, 5]
[0, -45, -10, 135, 0, 0, 0, 143.0, -207.0, -61.0, -143.0, 25.0, 61.0, 157.0, 5]
[0, -45, 10, 135, 0, 0, 0, 143.0, -243.0, -25.0, -143.0, 61.0, 25.0, 157.0, 5]
[0, -50, -10, 135, 0, 0, 0, 143.0, -212.0, -58.0, -143.0, 30.0, 58.0, 157.0, 5]
[0, -50, 35, 135, 0, 0, 0, 119.0, -282.0, 25.0, -119.0, 100.0, -25.0, 157.0, 5]
[0, -55, -35, 135, 0, 0, 0, 119.0, -184.0, -103.0, -119.0, 2.0, 103.0, 157.0, 5]
[0, -55, 10, 135, 0, 0, 0, 143.0, -246.0, -14.0, -143.0, 64.0, 14.0, 157.0, 5]
[0, -60, -30, 135, 0, 0, 0, 126.0, -198.0, -93.0, -126.0, 16.0, 93.0, 157.0, 5]
[0, -60, -10, 135, 0, 0, 0, 143.0, -222.0, -52.0, -143.0, 40.0, 52.0, 157.0, 5]
[0, -60, 10, 135, 0, 0, 0, 143.0, -247.0, -9.0, -143.0, 65.0, 9.0, 157.0, 5]
[0, -60, 35, 135, 0, 0, 0, 119.0, -276.0, 42.0, -119.0, 94.0, -42.0, 157.0, 5]
[0, -65, -35, 135, 0, 0, 0, 119.0, -202.0, -101.0, -119.0, 20.0, 101.0, 157.0, 5]
[0, -65, -10, 135, 0, 0, 0, 143.0, -226.0, -49.0, -143.0, 44.0, 49.0, 157.0, 5]
[0, -65, 35, 135, 0, 0, 0, 119.0, -272.0, 50.0, -119.0, 90.0, -50.0, 157.0, 5]
[0, -70, -35, 135, 0, 0, 0, 119.0, -211.0, -99.0, -119.0, 29.0, 99.0, 157.0, 5]
[0, -75, -35, 135, 0, 0, 0, 119.0, -219.0, -96.0, -119.0, 37.0, 96.0, 157.0, 5]
[0, -75, -10, 135, 0, 0, 0, 143.0, -234.0, -40.0, -143.0, 52.0, 40.0, 157.0, 5]
[0, -75, 10, 135, 0, 0, 0, 143.0, -247.0, 9.0, -143.0, 65.0, -9.0, 157.0, 5]
[0, -75, 35, 135, 0, 0, 0, 119.0, -262.0, 65.0, -119.0, 80.0, -65.0, 157.0, 5]
[45, -30, -25, 135, 0, 0, 0, 152.0, -159.0, 34.0, -152.0, -23.0, -34.0, 157.0, 5]
[45, -30, 5, 135, 0, 0, 0, 135.0, -223.0, 70.0, -135.0, 41.0, -70.0, 157.0, 5]
[45, -35, -35, 135, 0, 0, 0, 153.0, -148.0, 15.0, -153.0, -34.0, -15.0, 157.0, 5]
[45, -35, 10, 135, 0, 0, 0, 126.0, -238.0, 76.0, -126.0, 56.0, -76.0, 157.0, 5]
[45, -35, 45, 135, 0, 0, 0, 66.0, -301.0, 79.0, -66.0, 119.0, -79.0, 157.0, 5]
[45, -40, -25, 135, 0, 0, 0, 154.0, -174.0, 32.0, -154.0, -8.0, -32.0, 157.0, 5]
[45, -40, -20, 135, 0, 0, 0, 152.0, -183.0, 41.0, -152.0, 1.0, -41.0, 157.0, 5]
[45, -40, 20, 135, 0, 0, 0, 107.0, -259.0, 86.0, -107.0, 77.0, -86.0, 157.0, 5]
[45, -40, 25, 135, 0, 0, 0, 98.0, -268.0, 88.0, -98.0, 86.0, -88.0, 157.0, 5]
[45, -40, 35, 135, 0, 0, 0, 79.0, -285.0, 89.0, -79.0, 103.0, -89.0, 157.0, 5]
[45, -45, 20, 135, 0, 0, 0, 102.0, -260.0, 91.0, -102.0, 78.0, -91.0, 157.0, 5]
[45, -50, -25, 135, 0, 0, 0, 154.0, -189.0, 32.0, -154.0, 7.0, -32.0, 157.0, 5]
[45, -50, -20, 135, 0, 0, 0, 151.0, -197.0, 42.0, -151.0, 15.0, -42.0, 157.0, 5]
[45, -50, 10, 135, 0, 0, 0, 115.0, -245.0, 87.0, -115.0, 63.0, -87.0, 157.0, 5]
[45, -50, 30, 135, 0, 0, 0, 77.0, -275.0, 101.0, -77.0, 93.0, -101.0, 157.0, 5]
[45, -55, -35, 135, 0, 0, 0, 157.0, -184.0, 11.0, -157.0, 2.0, -11.0, 157.0, 5]
[45, -55, -20, 135, 0, 0, 0, 150.0, -203.0, 43.0, -150.0, 21.0, -43.0, 157.0, 5]
[45, -55, 10, 135, 0, 0, 0, 111.0, -246.0, 91.0, -111.0, 64.0, -91.0, 157.0, 5]
[45, -55, 25, 135, 0, 0, 0, 82.0, -267.0, 104.0, -82.0, 85.0, -104.0, 157.0, 5]
[85, -85, 25, 135, 0, 0, 0, -44.0, -248.0, 136.0, 44.0, 66.0, -136.0, 157.0, 5]
[85, -90, -5, 135, 0, 0, 0, 25.0, -243.0, 143.0, -25.0, 61.0, -143.0, 157.0, 5]
[85, -90, 15, 135, 0, 0, 0, -25.0, -243.0, 143.0, 25.0, 61.0, -143.0, 157.0, 5]
[90, 0, -10, 135, 0, 0, 0, 61.0, -157.0, 143.0, -61.0, -25.0, -143.0, 157.0, 5]
[90, 0, 10, 135, 0, 0, 0, 61.0, -207.0, 143.0, -61.0, 25.0, -143.0, 157.0, 5]
[90, -5, 10, 135, 0, 0, 0, 58.0, -213.0, 143.0, -58.0, 31.0, -143.0, 157.0, 5]
[90, -10, -10, 135, 0, 0, 0, 64.0, -168.0, 143.0, -64.0, -14.0, -143.0, 157.0, 5]
[90, -15, -35, 135, 0, 0, 0, 80.0, -117.0, 119.0, -80.0, -65.0, -119.0, 157.0, 5]
[90, -15, -10, 135, 0, 0, 0, 65.0, -173.0, 143.0, -65.0, -9.0, -143.0, 157.0, 5]
[90, -15, 10, 135, 0, 0, 0, 52.0, -222.0, 143.0, -52.0, 40.0, -143.0, 157.0, 5]
[90, -15, 35, 135, 0, 0, 0, 37.0, -278.0, 119.0, -37.0, 96.0, -119.0, 157.0, 5]
[90, -20, 35, 135, 0, 0, 0, 29.0, -281.0, 119.0, -29.0, 99.0, -119.0, 157.0, 5]
[90, -25, -35, 135, 0, 0, 0, 90.0, -132.0, 119.0, -90.0, -50.0, -119.0, 157.0, 5]
[90, -25, 10, 135, 0, 0, 0, 44.0, -231.0, 143.0, -44.0, 49.0, -143.0, 157.0, 5]
[90, -25, 35, 135, 0, 0, 0, 20.0, -283.0, 119.0, -20.0, 101.0, -119.0, 157.0, 5]
[90, -30, -35, 135, 0, 0, 0, 94.0, -140.0, 119.0, -94.0, -42.0, -119.0, 157.0, 5]
[90, -30, -10, 135, 0, 0, 0, 65.0, -191.0, 143.0, -65.0, 9.0, -143.0, 157.0, 5]
[90, -30, 10, 135, 0, 0, 0, 40.0, -234.0, 143.0, -40.0, 52.0, -143.0, 157.0, 5]
[90, -30, 30, 135, 0, 0, 0, 16.0, -275.0, 126.0, -16.0, 93.0, -126.0, 157.0, 5]
[130, -75, -25, 135, 0, 0, 0, -27.0, -225.0, 149.0, 27.0, 43.0, -149.0, 157.0, 5]
[130, -75, -15, 135, 0, 0, 0, -50.0, -231.0, 141.0, 50.0, 49.0, -141.0, 157.0, 5]
[130, -75, 35, 135, 0, 0, 0, -126.0, -262.0, 50.0, 126.0, 80.0, -50.0, 157.0, 5]
[130, -75, 45, 135, 0, 0, 0, -130.0, -267.0, 25.0, 130.0, 85.0, -25.0, 157.0, 5]
[130, -80, -15, 135, 0, 0, 0, -54.0, -235.0, 138.0, 54.0, 53.0, -138.0, 157.0, 5]
[130, -85, -35, 135, 0, 0, 0, -9.0, -235.0, 148.0, 9.0, 53.0, -148.0, 157.0, 5]
[130, -85, -10, 135, 0, 0, 0, -69.0, -240.0, 129.0, 69.0, 58.0, -129.0, 157.0, 5]
[130, -85, 35, 135, 0, 0, 0, -136.0, -250.0, 41.0, 136.0, 68.0, -41.0, 157.0, 5]
[130, -90, -30, 135, 0, 0, 0, -25.0, -243.0, 143.0, 25.0, 61.0, -143.0, 157.0, 5]
[130, -90, 40, 135, 0, 0, 0, -143.0, -243.0, 25.0, 143.0, 61.0, -25.0, 157.0, 5]
[135, 0, -10, 135, 0, 0, 0, -58.0, -157.0, 144.0, 58.0, -25.0, -144.0, 157.0, 5]
[135, 0, 10, 135, 0, 0, 0, -58.0, -207.0, 144.0, 58.0, 25.0, -144.0, 157.0, 5]
[135, -5, -35, 135, 0, 0, 0, -36.0, -104.0, 132.0, 36.0, -78.0, -132.0, 157.0, 5]
[135, -10, -25, 135, 0, 0, 0, -43.0, -132.0, 143.0, 43.0, -50.0, -143.0, 157.0, 5]
[135, -10, -20, 135, 0, 0, 0, -48.0, -144.0, 145.0, 48.0, -38.0, -145.0, 157.0, 5]
[135, -10, -15, 135, 0, 0, 0, -52.0, -155.0, 146.0, 52.0, -27.0, -146.0, 157.0, 5]
[135, -15, -20, 135, 0, 0, 0, -46.0, -150.0, 147.0, 46.0, -32.0, -147.0, 157.0, 5]
[135, -15, -5, 135, 0, 0, 0, -59.0, -185.0, 146.0, 59.0, 3.0, -146.0, 157.0, 5]
[135, -15, 30, 135, 0, 0, 0, -61.0, -268.0, 117.0, 61.0, 86.0, -117.0, 157.0, 5]
[0, -80, 10, 135, 0, 0, 0, 143.0, -246.0, 14.0, -143.0, 64.0, -14.0, 157.0, 10]
[0, -85, -10, 135, 0, 0, 0, 143.0, -240.0, -31.0, -143.0, 58.0, 31.0, 157.0, 10]
[0, -90, -10, 135, 0, 0, 0, 143.0, -243.0, -25.0, -143.0, 61.0, 25.0, 157.0, 10]
[0, -90, 10, 135, 0, 0, 0, 143.0, -243.0, 25.0, -143.0, 61.0, -25.0, 157.0, 10]
[5, 0, -15, 135, 0, 0, 0, 145.0, -144.0, -48.0, -145.0, -38.0, 48.0, 157.0, 10]
[5, 0, 0, 135, 0, 0, 0, 150.0, -182.0, -48.0, -150.0, 0.0, 48.0, 157.0, 10]
[5, 0, 15, 135, 0, 0, 0, 145.0, -220.0, -48.0, -145.0, 38.0, 48.0, 157.0, 10]
[5, -5, -10, 135, 0, 0, 0, 148.0, -162.0, -50.0, -148.0, -20.0, 50.0, 157.0, 10]
[5, -10, -20, 135, 0, 0, 0, 142.0, -144.0, -56.0, -142.0, -38.0, 56.0, 157.0, 10]
[5, -15, -30, 135, 0, 0, 0, 132.0, -127.0, -66.0, -132.0, -55.0, 66.0, 157.0, 10]
[5, -15, 45, 135, 0, 0, 0, 105.0, -297.0, -23.0, -105.0, 115.0, 23.0, 157.0, 10]
[5, -20, -25, 135, 0, 0, 0, 138.0, -145.0, -66.0, -138.0, -37.0, 66.0, 157.0, 10]
[5, -20, 30, 135, 0, 0, 0, 128.0, -271.0, -21.0, -128.0, 89.0, 21.0, 157.0, 10]
[5, -20, 35, 135, 0, 0, 0, 121.0, -281.0, -18.0, -121.0, 99.0, 18.0, 157.0, 10]
[5, -30, -15, 135, 0, 0, 0, 146.0, -180.0, -59.0, -146.0, -2.0, 59.0, 157.0, 10]
[5, -30, 10, 135, 0, 0, 0, 146.0, -234.0, -27.0, -146.0, 52.0, 27.0, 157.0, 10]
[5, -30, 30, 135, 0, 0, 0, 127.0, -275.0, -5.0, -127.0, 93.0, 5.0, 157.0, 10]
[5, -35, 0, 135, 0, 0, 0, 149.0, -217.0, -37.0, -149.0, 35.0, 37.0, 157.0, 10]
[5, -40, -45, 135, 0, 0, 0, 112.0, -142.0, -103.0, -112.0, -40.0, 103.0, 157.0, 10]
[45, -60, -45, 135, 0, 0, 0, 157.0, -183.0, -12.0, -157.0, 1.0, 12.0, 157.0, 10]
[45, -60, -10, 135, 0, 0, 0, 138.0, -222.0, 64.0, -138.0, 40.0, -64.0, 157.0, 10]
[45, -60, 10, 135, 0, 0, 0, 107.0, -247.0, 95.0, -107.0, 65.0, -95.0, 157.0, 10]
[45, -60, 45, 135, 0, 0, 0, 31.0, -286.0, 114.0, -31.0, 104.0, -114.0, 157.0, 10]
[45, -65, 10, 135, 0, 0, 0, 103.0, -248.0, 99.0, -103.0, 66.0, -99.0, 157.0, 10]
[45, -70, -30, 135, 0, 0, 0, 152.0, -214.0, 26.0, -152.0, 32.0, -26.0, 157.0, 10]
[45, -70, 20, 135, 0, 0, 0, 78.0, -256.0, 115.0, -78.0, 74.0, -115.0, 157.0, 10]
[45, -70, 40, 135, 0, 0, 0, 31.0, -271.0, 126.0, -31.0, 89.0, -126.0, 157.0, 10]
[45, -75, -5, 135, 0, 0, 0, 122.0, -237.0, 83.0, -122.0, 55.0, -83.0, 157.0, 10]
[45, -75, 35, 135, 0, 0, 0, 38.0, -262.0, 130.0, -38.0, 80.0, -130.0, 157.0, 10]
[45, -80, -30, 135, 0, 0, 0, 147.0, -229.0, 31.0, -147.0, 47.0, -31.0, 157.0, 10]
[45, -85, -25, 135, 0, 0, 0, 140.0, -237.0, 46.0, -140.0, 55.0, -46.0, 157.0, 10]
[45, -85, -5, 135, 0, 0, 0, 115.0, -241.0, 90.0, -115.0, 59.0, -90.0, 157.0, 10]
[45, -85, 35, 135, 0, 0, 0, 29.0, -250.0, 139.0, -29.0, 68.0, -139.0, 157.0, 10]
[45, -90, -35, 135, 0, 0, 0, 143.0, -243.0, 25.0, -143.0, 61.0, -25.0, 157.0, 10]
[45, -90, 35, 135, 0, 0, 0, 25.0, -243.0, 143.0, -25.0, 61.0, -143.0, 157.0, 10]
[50, 0, 0, 135, 0, 0, 0, 140.0, -182.0, 72.0, -140.0, 0.0, -72.0, 157.0, 10]
[50, -5, -40, 135, 0, 0, 0, 124.0, -94.0, 41.0, -124.0, -88.0, -41.0, 157.0, 10]
[50, -10, 5, 135, 0, 0, 0, 137.0, -205.0, 74.0, -137.0, 23.0, -74.0, 157.0, 10]
[90, -35, -10, 135, 0, 0, 0, 64.0, -196.0, 143.0, -64.0, 14.0, -143.0, 157.0, 10]
[90, -35, 35, 135, 0, 0, 0, 2.0, -285.0, 119.0, -2.0, 103.0, -119.0, 157.0, 10]
[90, -40, -35, 135, 0, 0, 0, 100.0, -157.0, 119.0, -100.0, -25.0, -119.0, 157.0, 10]
[90, -40, 10, 135, 0, 0, 0, 30.0, -240.0, 143.0, -30.0, 58.0, -143.0, 157.0, 10]
[90, -45, -10, 135, 0, 0, 0, 61.0, -207.0, 143.0, -61.0, 25.0, -143.0, 157.0, 10]
[90, -45, 10, 135, 0, 0, 0, 25.0, -243.0, 143.0, -25.0, 61.0, -143.0, 157.0, 10]
[90, -50, -10, 135, 0, 0, 0, 58.0, -212.0, 143.0, -58.0, 30.0, -143.0, 157.0, 10]
[90, -50, 35, 135, 0, 0, 0, -25.0, -282.0, 119.0, 25.0, 100.0, -119.0, 157.0, 10]
[90, -55, -35, 135, 0, 0, 0, 103.0, -184.0, 119.0, -103.0, 2.0, -119.0, 157.0, 10]
[90, -55, 10, 135, 0, 0, 0, 14.0, -246.0, 143.0, -14.0, 64.0, -143.0, 157.0, 10]
[90, -60, -30, 135, 0, 0, 0, 93.0, -198.0, 126.0, -93.0, 16.0, -126.0, 157.0, 10]
[90, -60, -10, 135, 0, 0, 0, 52.0, -222.0, 143.0, -52.0, 40.0, -143.0, 157.0, 10]
[90, -60, 10, 135, 0, 0, 0, 9.0, -247.0, 143.0, -9.0, 65.0, -143.0, 157.0, 10]
[90, -60, 35, 135, 0, 0, 0, -42.0, -276.0, 119.0, 42.0, 94.0, -119.0, 157.0, 10]
[90, -65, -35, 135, 0, 0, 0, 101.0, -202.0, 119.0, -101.0, 20.0, -119.0, 157.0, 10]
[90, -65, -10, 135, 0, 0, 0, 49.0, -226.0, 143.0, -49.0, 44.0, -143.0, 157.0, 10]
[90, -65, 35, 135, 0, 0, 0, -50.0, -272.0, 119.0, 50.0, 90.0, -119.0, 157.0, 10]
[90, -70, -35, 135, 0, 0, 0, 99.0, -211.0, 119.0, -99.0, 29.0, -119.0, 157.0, 10]
[90, -75, -35, 135, 0, 0, 0, 96.0, -219.0, 119.0, -96.0, 37.0, -119.0, 157.0, 10]
[135, -15, 40, 135, 0, 0, 0, -54.0, -288.0, 103.0, 54.0, 106.0, -103.0, 157.0, 10]
[135, -25, -35, 135, 0, 0, 0, -20.0, -132.0, 148.0, 20.0, -50.0, -148.0, 157.0, 10]
[135, -25, 35, 135, 0, 0, 0, -70.0, -283.0, 98.0, 70.0, 101.0, -98.0, 157.0, 10]
[135, -30, -25, 135, 0, 0, 0, -34.0, -159.0, 152.0, 34.0, -23.0, -152.0, 157.0, 10]
[135, -30, 5, 135, 0, 0, 0, -70.0, -223.0, 135.0, 70.0, 41.0, -135.0, 157.0, 10]
[135, -35, -35, 135, 0, 0, 0, -15.0, -148.0, 153.0, 15.0, -34.0, -153.0, 157.0, 10]
[135, -35, 10, 135, 0, 0, 0, -76.0, -238.0, 126.0, 76.0, 56.0, -126.0, 157.0, 10]
[135, -35, 45, 135, 0, 0, 0, -79.0, -301.0, 66.0, 79.0, 119.0, -66.0, 157.0, 10]
[135, -40, -25, 135, 0, 0, 0, -32.0, -174.0, 154.0, 32.0, -8.0, -154.0, 157.0, 10]
[135, -40, -20, 135, 0, 0, 0, -41.0, -183.0, 152.0, 41.0, 1.0, -152.0, 157.0, 10]
[135, -40, 20, 135, 0, 0, 0, -86.0, -259.0, 107.0, 86.0, 77.0, -107.0, 157.0, 10]
[135, -40, 25, 135, 0, 0, 0, -88.0, -268.0, 98.0, 88.0, 86.0, -98.0, 157.0, 10]
[135, -40, 35, 135, 0, 0, 0, -89.0, -285.0, 79.0, 89.0, 103.0, -79.0, 157.0, 10]
[135, -45, 20, 135, 0, 0, 0, -91.0, -260.0, 102.0, 91.0, 78.0, -102.0, 157.0, 10]
[135, -50, -25, 135, 0, 0, 0, -32.0, -189.0, 154.0, 32.0, 7.0, -154.0, 157.0, 10]
[135, -50, -20, 135, 0, 0, 0, -42.0, -197.0, 151.0, 42.0, 15.0, -151.0, 157.0, 10]
[135, -50, 10, 135, 0, 0, 0, -87.0, -245.0, 115.0, 87.0, 63.0, -115.0, 157.0, 10]
[135, -50, 30, 135, 0, 0, 0, -101.0, -275.0, 77.0, 101.0, 93.0, -77.0, 157.0, 10]
[135, -55, -35, 135, 0, 0, 0, -11.0, -184.0, 157.0, 11.0, 2.0, -157.0, 157.0, 10]
[5, -40, -20, 135, 0, 0, 0, 143.0, -183.0, -66.0, -143.0, 1.0, 66.0, 157.0, 15]
[5, -40, -15, 135, 0, 0, 0, 146.0, -192.0, -58.0, -146.0, 10.0, 58.0, 157.0, 15]
[5, -40, -10, 135, 0, 0, 0, 148.0, -202.0, -50.0, -148.0, 20.0, 50.0, 157.0, 15]
[5, -40, -5, 135, 0, 0, 0, 149.0, -211.0, -42.0, -149.0, 29.0, 42.0, 157.0, 15]
[5, -45, 35, 135, 0, 0, 0, 117.0, -284.0, 26.0, -117.0, 102.0, -26.0, 157.0, 15]
[5, -60, 35, 135, 0, 0, 0, 115.0, -276.0, 52.0, -115.0, 94.0, -52.0, 157.0, 15]
[5, -65, -15, 135, 0, 0, 0, 145.0, -221.0, -47.0, -145.0, 39.0, 47.0, 157.0, 15]
[5, -65, 0, 135, 0, 0, 0, 147.0, -237.0, -13.0, -147.0, 55.0, 13.0, 157.0, 15]
[5, -65, 15, 135, 0, 0, 0, 139.0, -253.0, 21.0, -139.0, 71.0, -21.0, 157.0, 15]
[5, -70, -30, 135, 0, 0, 0, 133.0, -214.0, -78.0, -133.0, 32.0, 78.0, 157.0, 15]
[5, -70, -20, 135, 0, 0, 0, 142.0, -222.0, -55.0, -142.0, 40.0, 55.0, 157.0, 15]
[5, -70, 25, 135, 0, 0, 0, 128.0, -260.0, 48.0, -128.0, 78.0, -48.0, 157.0, 15]
[5, -75, -10, 135, 0, 0, 0, 146.0, -234.0, -28.0, -146.0, 52.0, 28.0, 157.0, 15]
[5, -75, 0, 135, 0, 0, 0, 146.0, -241.0, -3.0, -146.0, 59.0, 3.0, 157.0, 15]
[5, -75, 35, 135, 0, 0, 0, 113.0, -262.0, 75.0, -113.0, 80.0, -75.0, 157.0, 15]
[5, -75, 45, 135, 0, 0, 0, 95.0, -267.0, 92.0, -95.0, 85.0, -92.0, 157.0, 15]
[5, -80, -15, 135, 0, 0, 0, 144.0, -235.0, -35.0, -144.0, 53.0, 35.0, 157.0, 15]
[5, -80, 5, 135, 0, 0, 0, 144.0, -244.0, 15.0, -144.0, 62.0, -15.0, 157.0, 15]
[5, -85, 15, 135, 0, 0, 0, 137.0, -246.0, 44.0, -137.0, 64.0, -44.0, 157.0, 15]
[50, -10, 15, 135, 0, 0, 0, 131.0, -230.0, 73.0, -131.0, 48.0, -73.0, 157.0, 15]
[50, -10, 30, 135, 0, 0, 0, 117.0, -264.0, 66.0, -117.0, 82.0, -66.0, 157.0, 15]
[50, -15, 10, 135, 0, 0, 0, 132.0, -222.0, 76.0, -132.0, 40.0, -76.0, 157.0, 15]
[50, -20, 15, 135, 0, 0, 0, 124.0, -238.0, 79.0, -124.0, 56.0, -79.0, 157.0, 15]
[50, -25, 5, 135, 0, 0, 0, 131.0, -219.0, 79.0, -131.0, 37.0, -79.0, 157.0, 15]
[50, -30, -20, 135, 0, 0, 0, 147.0, -169.0, 55.0, -147.0, -13.0, -55.0, 157.0, 15]
[50, -30, -5, 135, 0, 0, 0, 138.0, -201.0, 73.0, -138.0, 19.0, -73.0, 157.0, 15]
[50, -35, 35, 135, 0, 0, 0, 78.0, -285.0, 90.0, -78.0, 103.0, -90.0, 157.0, 15]
[50, -40, -10, 135, 0, 0, 0, 140.0, -202.0, 69.0, -140.0, 20.0, -69.0, 157.0, 15]
[50, -40, 10, 135, 0, 0, 0, 115.0, -240.0, 90.0, -115.0, 58.0, -90.0, 157.0, 15]
[50, -40, 20, 135, 0, 0, 0, 99.0, -259.0, 95.0, -99.0, 77.0, -95.0, 157.0, 15]
[50, -45, -40, 135, 0, 0, 0, 155.0, -159.0, 15.0, -155.0, -23.0, -15.0, 157.0, 15]
[50, -45, -30, 135, 0, 0, 0, 153.0, -174.0, 36.0, -153.0, -8.0, -36.0, 157.0, 15]
[50, -45, 5, 135, 0, 0, 0, 119.0, -234.0, 89.0, -119.0, 52.0, -89.0, 157.0, 15]
[50, -45, 40, 135, 0, 0, 0, 54.0, -291.0, 100.0, -54.0, 109.0, -100.0, 157.0, 15]
[50, -50, 30, 135, 0, 0, 0, 68.0, -275.0, 107.0, -68.0, 93.0, -107.0, 157.0, 15]
[50, -60, -35, 135, 0, 0, 0, 155.0, -193.0, 25.0, -155.0, 11.0, -25.0, 157.0, 15]
[50, -60, -10, 135, 0, 0, 0, 132.0, -222.0, 76.0, -132.0, 40.0, -76.0, 157.0, 15]
[50, -60, 35, 135, 0, 0, 0, 45.0, -276.0, 118.0, -45.0, 94.0, -118.0, 157.0, 15]
[90, -75, -10, 135, 0, 0, 0, 40.0, -234.0, 143.0, -40.0, 52.0, -143.0, 157.0, 15]
[90, -75, 10, 135, 0, 0, 0, -9.0, -247.0, 143.0, 9.0, 65.0, -143.0, 157.0, 15]
[90, -75, 35, 135, 0, 0, 0, -65.0, -262.0, 119.0, 65.0, 80.0, -119.0, 157.0, 15]
[90, -80, 10, 135, 0, 0, 0, -14.0, -246.0, 143.0, 14.0, 64.0, -143.0, 157.0, 15]
[90, -85, -10, 135, 0, 0, 0, 31.0, -240.0, 143.0, -31.0, 58.0, -143.0, 157.0, 15]
[90, -90, -10, 135, 0, 0, 0, 25.0, -243.0, 143.0, -25.0, 61.0, -143.0, 157.0, 15]
[90, -90, 10, 135, 0, 0, 0, -25.0, -243.0, 143.0, 25.0, 61.0, -143.0, 157.0, 15]
[95, 0, -15, 135, 0, 0, 0, 48.0, -144.0, 145.0, -48.0, -38.0, -145.0, 157.0, 15]
[95, 0, 0, 135, 0, 0, 0, 48.0, -182.0, 150.0, -48.0, 0.0, -150.0, 157.0, 15]
[95, 0, 15, 135, 0, 0, 0, 48.0, -220.0, 145.0, -48.0, 38.0, -145.0, 157.0, 15]
[95, -5, -10, 135, 0, 0, 0, 50.0, -162.0, 148.0, -50.0, -20.0, -148.0, 157.0, 15]
[95, -10, -20, 135, 0, 0, 0, 56.0, -144.0, 142.0, -56.0, -38.0, -142.0, 157.0, 15]
[95, -15, -30, 135, 0, 0, 0, 66.0, -127.0, 132.0, -66.0, -55.0, -132.0, 157.0, 15]
[95, -15, 45, 135, 0, 0, 0, 23.0, -297.0, 105.0, -23.0, 115.0, -105.0, 157.0, 15]
[95, -20, -25, 135, 0, 0, 0, 66.0, -145.0, 138.0, -66.0, -37.0, -138.0, 157.0, 15]
[95, -20, 30, 135, 0, 0, 0, 21.0, -271.0, 128.0, -21.0, 89.0, -128.0, 157.0, 15]
[95, -20, 35, 135, 0, 0, 0, 18.0, -281.0, 121.0, -18.0, 99.0, -121.0, 157.0, 15]
[95, -30, -15, 135, 0, 0, 0, 59.0, -180.0, 146.0, -59.0, -2.0, -146.0, 157.0, 15]
[95, -30, 10, 135, 0, 0, 0, 27.0, -234.0, 146.0, -27.0, 52.0, -146.0, 157.0, 15]
[135, -55, -20, 135, 0, 0, 0, -43.0, -203.0, 150.0, 43.0, 21.0, -150.0, 157.0, 15]
[135, -55, 10, 135, 0, 0, 0, -91.0, -246.0, 111.0, 91.0, 64.0, -111.0, 157.0, 15]
[135, -55, 25, 135, 0, 0, 0, -104.0, -267.0, 82.0, 104.0, 85.0, -82.0, 157.0, 15]
[135, -60, -45, 135, 0, 0, 0, 12.0, -183.0, 157.0, -12.0, 1.0, -157.0, 157.0, 15]
[135, -60, -10, 135, 0, 0, 0, -64.0, -222.0, 138.0, 64.0, 40.0, -138.0, 157.0, 15]
[135, -60, 10, 135, 0, 0, 0, -95.0, -247.0, 107.0, 95.0, 65.0, -107.0, 157.0, 15]
[135, -60, 45, 135, 0, 0, 0, -114.0, -286.0, 31.0, 114.0, 104.0, -31.0, 157.0, 15]
[135, -65, 10, 135, 0, 0, 0, -99.0, -248.0, 103.0, 99.0, 66.0, -103.0, 157.0, 15]
[135, -70, -30, 135, 0, 0, 0, -26.0, -214.0, 152.0, 26.0, 32.0, -152.0, 157.0, 15]
[135, -70, 20, 135, 0, 0, 0, -115.0, -256.0, 78.0, 115.0, 74.0, -78.0, 157.0, 15]
[135, -70, 40, 135, 0, 0, 0, -126.0, -271.0, 31.0, 126.0, 89.0, -31.0, 157.0, 15]
[135, -75, -5, 135, 0, 0, 0, -83.0, -237.0, 122.0, 83.0, 55.0, -122.0, 157.0, 15]
[135, -75, 35, 135, 0, 0, 0, -130.0, -262.0, 38.0, 130.0, 80.0, -38.0, 157.0, 15]
[135, -80, -30, 135, 0, 0, 0, -31.0, -229.0, 147.0, 31.0, 47.0, -147.0, 157.0, 15]
[135, -85, -25, 135, 0, 0, 0, -46.0, -237.0, 140.0, 46.0, 55.0, -140.0, 157.0, 15]
[135, -85, -5, 135, 0, 0, 0, -90.0, -241.0, 115.0, 90.0, 59.0, -115.0, 157.0, 15]
[135, -85, 35, 135, 0, 0, 0, -139.0, -250.0, 29.0, 139.0, 68.0, -29.0, 157.0, 15]
[135, -90, -35, 135, 0, 0, 0, -25.0, -243.0, 143.0, 25.0, 61.0, -143.0, 157.0, 15]
[135, -90, 35, 135, 0, 0, 0, -143.0, -243.0, 25.0, 143.0, 61.0, -25.0, 157.0, 15]
[5, -85, 20, 135, 0, 0, 0, 132.0, -247.0, 56.0, -132.0, 65.0, -56.0, 157.0, 20]
[5, -85, 40, 135, 0, 0, 0, 103.0, -251.0, 97.0, -103.0, 69.0, -97.0, 157.0, 20]
[5, -90, -15, 135, 0, 0, 0, 143.0, -243.0, -25.0, -143.0, 61.0, 25.0, 157.0, 20]
[5, -90, 5, 135, 0, 0, 0, 143.0, -243.0, 25.0, -143.0, 61.0, -25.0, 157.0, 20]
[10, 0, -5, 135, 0, 0, 0, 153.0, -169.0, -35.0, -153.0, -13.0, 35.0, 157.0, 20]
[10, 0, 5, 135, 0, 0, 0, 153.0, -195.0, -35.0, -153.0, 13.0, 35.0, 157.0, 20]
[10, -5, -25, 135, 0, 0, 0, 141.0, -126.0, -42.0, -141.0, -56.0, 42.0, 157.0, 20]
[10, -10, -10, 135, 0, 0, 0, 152.0, -168.0, -38.0, -152.0, -14.0, 38.0, 157.0, 20]
[10, -10, 30, 135, 0, 0, 0, 132.0, -264.0, -25.0, -132.0, 82.0, 25.0, 157.0, 20]
[10, -15, -35, 135, 0, 0, 0, 131.0, -117.0, -58.0, -131.0, -65.0, 58.0, 157.0, 20]
[10, -15, -15, 135, 0, 0, 0, 150.0, -161.0, -43.0, -150.0, -21.0, 43.0, 157.0, 20]
[10, -15, 25, 135, 0, 0, 0, 137.0, -257.0, -19.0, -137.0, 75.0, 19.0, 157.0, 20]
[10, -20, -45, 135, 0, 0, 0, 117.0, -106.0, -73.0, -117.0, -76.0, 73.0, 157.0, 20]
[10, -20, -40, 135, 0, 0, 0, 125.0, -115.0, -68.0, -125.0, -67.0, 68.0, 157.0, 20]
[10, -20, 35, 135, 0, 0, 0, 122.0, -281.0, -7.0, -122.0, 99.0, 7.0, 157.0, 20]
[10, -25, -5, 135, 0, 0, 0, 153.0, -196.0, -34.0, -153.0, 14.0, 34.0, 157.0, 20]
[10, -25, 45, 135, 0, 0, 0, 103.0, -301.0, 6.0, -103.0, 119.0, -6.0, 157.0, 20]
[10, -30, 15, 135, 0, 0, 0, 144.0, -245.0, -9.0, -144.0, 63.0, 9.0, 157.0, 20]
[10, -35, -45, 135, 0, 0, 0, 120.0, -133.0, -89.0, -120.0, -49.0, 89.0, 157.0, 20]
[50, -65, -45, 135, 0, 0, 0, 157.0, -194.0, 2.0, -157.0, 12.0, -2.0, 157.0, 20]
[50, -65, -40, 135, 0, 0, 0, 156.0, -198.0, 14.0, -156.0, 16.0, -14.0, 157.0, 20]
[50, -65, -35, 135, 0, 0, 0, 154.0, -202.0, 26.0, -154.0, 20.0, -26.0, 157.0, 20]
[50, -65, -20, 135, 0, 0, 0, 142.0, -216.0, 59.0, -142.0, 34.0, -59.0, 157.0, 20]
[50, -65, -15, 135, 0, 0, 0, 136.0, -221.0, 69.0, -136.0, 39.0, -69.0, 157.0, 20]
[50, -65, 20, 135, 0, 0, 0, 73.0, -258.0, 117.0, -73.0, 76.0, -117.0, 157.0, 20]
[50, -65, 25, 135, 0, 0, 0, 62.0, -263.0, 120.0, -62.0, 81.0, -120.0, 157.0, 20]
[50, -70, -30, 135, 0, 0, 0, 149.0, -214.0, 39.0, -149.0, 32.0, -39.0, 157.0, 20]
[50, -70, 35, 135, 0, 0, 0, 32.0, -268.0, 128.0, -32.0, 86.0, -128.0, 157.0, 20]
[50, -75, -45, 135, 0, 0, 0, 154.0, -214.0, 5.0, -154.0, 32.0, -5.0, 157.0, 20]
[50, -75, -15, 135, 0, 0, 0, 130.0, -231.0, 74.0, -130.0, 49.0, -74.0, 157.0, 20]
[50, -75, 40, 135, 0, 0, 0, 15.0, -265.0, 133.0, -15.0, 83.0, -133.0, 157.0, 20]
[50, -80, -40, 135, 0, 0, 0, 150.0, -226.0, 19.0, -150.0, 44.0, -19.0, 157.0, 20]
[50, -80, -25, 135, 0, 0, 0, 139.0, -231.0, 55.0, -139.0, 49.0, -55.0, 157.0, 20]
[50, -85, -40, 135, 0, 0, 0, 147.0, -234.0, 22.0, -147.0, 52.0, -22.0, 157.0, 20]
[50, -85, -15, 135, 0, 0, 0, 123.0, -239.0, 80.0, -123.0, 57.0, -80.0, 157.0, 20]
[50, -85, 35, 135, 0, 0, 0, 17.0, -250.0, 141.0, -17.0, 68.0, -141.0, 157.0, 20]
[50, -90, -40, 135, 0, 0, 0, 143.0, -243.0, 25.0, -143.0, 61.0, -25.0, 157.0, 20]
[50, -90, 30, 135, 0, 0, 0, 25.0, -243.0, 143.0, -25.0, 61.0, -143.0, 157.0, 20]
[95, -30, 30, 135, 0, 0, 0, 5.0, -275.0, 127.0, -5.0, 93.0, -127.0, 157.0, 20]
[95, -35, 0, 135, 0, 0, 0, 37.0, -217.0, 149.0, -37.0, 35.0, -149.0, 157.0, 20]
[95, -40, -45, 135, 0, 0, 0, 103.0, -142.0, 112.0, -103.0, -40.0, -112.0, 157.0, 20]
[95, -40, -20, 135, 0, 0, 0, 66.0, -183.0, 143.0, -66.0, 1.0, -143.0, 157.0, 20]
[95, -40, -15, 135, 0, 0, 0, 58.0, -192.0, 146.0, -58.0, 10.0, -146.0, 157.0, 20]
[95, -40, -10, 135, 0, 0, 0, 50.0, -202.0, 148.0, -50.0, 20.0, -148.0, 157.0, 20]
[95, -40, -5, 135, 0, 0, 0, 42.0, -211.0, 149.0, -42.0, 29.0, -149.0, 157.0, 20]
[95, -45, 35, 135, 0, 0, 0, -26.0, -284.0, 117.0, 26.0, 102.0, -117.0, 157.0, 20]
[95, -60, 35, 135, 0, 0, 0, -52.0, -276.0, 115.0, 52.0, 94.0, -115.0, 157.0, 20]
[95, -65, -15, 135, 0, 0, 0, 47.0, -221.0, 145.0, -47.0, 39.0, -145.0, 157.0, 20]
[95, -65, 0, 135, 0, 0, 0, 13.0, -237.0, 147.0, -13.0, 55.0, -147.0, 157.0, 20]
[95, -65, 15, 135, 0, 0, 0, -21.0, -253.0, 139.0, 21.0, 71.0, -139.0, 157.0, 20]
[95, -70, -30, 135, 0, 0, 0, 78.0, -214.0, 133.0, -78.0, 32.0, -133.0, 157.0, 20]
[95, -70, -20, 135, 0, 0, 0, 55.0, -222.0, 142.0, -55.0, 40.0, -142.0, 157.0, 20]
[95, -70, 25, 135, 0, 0, 0, -48.0, -260.0, 128.0, 48.0, 78.0, -128.0, 157.0, 20]
[95, -75, -10, 135, 0, 0, 0, 28.0, -234.0, 146.0, -28.0, 52.0, -146.0, 157.0, 20]
[95, -75, 0, 135, 0, 0, 0, 3.0, -241.0, 146.0, -3.0, 59.0, -146.0, 157.0, 20]
[95, -75, 35, 135, 0, 0, 0, -75.0, -262.0, 113.0, 75.0, 80.0, -113.0, 157.0, 20]
[95, -75, 45, 135, 0, 0, 0, -92.0, -267.0, 95.0, 92.0, 85.0, -95.0, 157.0, 20]
[10, -35, -20, 135, 0, 0, 0, 148.0, -176.0, -53.0, -148.0, -6.0, 53.0, 157.0, 25]
[10, -35, -10, 135, 0, 0, 0, 152.0, -196.0, -38.0, -152.0, 14.0, 38.0, 157.0, 25]
[10, -40, -30, 135, 0, 0, 0, 140.0, -165.0, -70.0, -140.0, -17.0, 70.0, 157.0, 25]
[10, -40, -5, 135, 0, 0, 0, 152.0, -211.0, -29.0, -152.0, 29.0, 29.0, 157.0, 25]
[10, -40, 15, 135, 0, 0, 0, 142.0, -250.0, 2.0, -142.0, 68.0, -2.0, 157.0, 25]
[10, -40, 20, 135, 0, 0, 0, 137.0, -259.0, 9.0, -137.0, 77.0, -9.0, 157.0, 25]
[10, -45, -20, 135, 0, 0, 0, 148.0, -190.0, -53.0, -148.0, 8.0, 53.0, 157.0, 25]
[10, -50, -10, 135, 0, 0, 0, 151.0, -212.0, -33.0, -151.0, 30.0, 33.0, 157.0, 25]
[10, -50, -5, 135, 0, 0, 0, 151.0, -220.0, -23.0, -151.0, 38.0, 23.0, 157.0, 25]
[10, -50, 30, 135, 0, 0, 0, 121.0, -275.0, 38.0, -121.0, 93.0, -38.0, 157.0, 25]
[10, -50, 35, 135, 0, 0, 0, 113.0, -282.0, 45.0, -113.0, 100.0, -45.0, 157.0, 25]
[10, -55, -35, 135, 0, 0, 0, 135.0, -184.0, -81.0, -135.0, 2.0, 81.0, 157.0, 25]
[10, -55, 15, 135, 0, 0, 0, 139.0, -253.0, 20.0, -139.0, 71.0, -20.0, 157.0, 25]
[10, -55, 25, 135, 0, 0, 0, 127.0, -267.0, 38.0, -127.0, 85.0, -38.0, 157.0, 25]
[10, -60, -40, 135, 0, 0, 0, 129.0, -188.0, -90.0, -129.0, 6.0, 90.0, 157.0, 25]
[10, -60, -35, 135, 0, 0, 0, 135.0, -193.0, -80.0, -135.0, 11.0, 80.0, 157.0, 25]
[10, -60, -30, 135, 0, 0, 0, 140.0, -198.0, -70.0, -140.0, 16.0, 70.0, 157.0, 25]
[10, -60, 25, 135, 0, 0, 0, 126.0, -265.0, 45.0, -126.0, 83.0, -45.0, 157.0, 25]
[10, -60, 35, 135, 0, 0, 0, 110.0, -276.0, 62.0, -110.0, 94.0, -62.0, 157.0, 25]
[55, 0, 0, 135, 0, 0, 0, 133.0, -182.0, 84.0, -133.0, 0.0, -84.0, 157.0, 25]
[55, -5, -45, 135, 0, 0, 0, 116.0, -85.0, 44.0, -116.0, -97.0, -44.0, 157.0, 25]
[55, -15, 35, 135, 0, 0, 0, 99.0, -278.0, 76.0, -99.0, 96.0, -76.0, 157.0, 25]
[55, -15, 45, 135, 0, 0, 0, 85.0, -297.0, 66.0, -85.0, 115.0, -66.0, 157.0, 25]
[55, -30, -15, 135, 0, 0, 0, 139.0, -180.0, 74.0, -139.0, -2.0, -74.0, 157.0, 25]
[55, -30, 5, 135, 0, 0, 0, 121.0, -223.0, 92.0, -121.0, 41.0, -92.0, 157.0, 25]
[55, -35, -45, 135, 0, 0, 0, 148.0, -133.0, 22.0, -148.0, -49.0, -22.0, 157.0, 25]
[55, -35, -25, 135, 0, 0, 0, 145.0, -166.0, 59.0, -145.0, -16.0, -59.0, 157.0, 25]
[55, -35, 5, 135, 0, 0, 0, 118.0, -227.0, 94.0, -118.0, 45.0, -94.0, 157.0, 25]
[55, -40, -45, 135, 0, 0, 0, 151.0, -142.0, 20.0, -151.0, -40.0, -20.0, 157.0, 25]
[55, -40, -40, 135, 0, 0, 0, 151.0, -149.0, 30.0, -151.0, -33.0, -30.0, 157.0, 25]
[55, -40, -5, 135, 0, 0, 0, 128.0, -211.0, 87.0, -128.0, 29.0, -87.0, 157.0, 25]
[55, -40, 25, 135, 0, 0, 0, 81.0, -268.0, 104.0, -81.0, 86.0, -104.0, 157.0, 25]
[55, -45, -40, 135, 0, 0, 0, 153.0, -159.0, 29.0, -153.0, -23.0, -29.0, 157.0, 25]
[55, -50, -15, 135, 0, 0, 0, 136.0, -204.0, 76.0, -136.0, 22.0, -76.0, 157.0, 25]
[55, -55, -40, 135, 0, 0, 0, 155.0, -178.0, 27.0, -155.0, -4.0, -27.0, 157.0, 25]
[55, -60, -40, 135, 0, 0, 0, 155.0, -188.0, 27.0, -155.0, 6.0, -27.0, 157.0, 25]
[55, -60, -10, 135, 0, 0, 0, 125.0, -222.0, 87.0, -125.0, 40.0, -87.0, 157.0, 25]
[55, -60, 25, 135, 0, 0, 0, 57.0, -265.0, 121.0, -57.0, 83.0, -121.0, 157.0, 25]
[95, -80, -15, 135, 0, 0, 0, 35.0, -235.0, 144.0, -35.0, 53.0, -144.0, 157.0, 25]
[95, -80, 5, 135, 0, 0, 0, -15.0, -244.0, 144.0, 15.0, 62.0, -144.0, 157.0, 25]
[95, -85, 15, 135, 0, 0, 0, -44.0, -246.0, 137.0, 44.0, 64.0, -137.0, 157.0, 25]
[95, -85, 20, 135, 0, 0, 0, -56.0, -247.0, 132.0, 56.0, 65.0, -132.0, 157.0, 25]
[95, -85, 40, 135, 0, 0, 0, -97.0, -251.0, 103.0, 97.0, 69.0, -103.0, 157.0, 25]
[95, -90, -15, 135, 0, 0, 0, 25.0, -243.0, 143.0, -25.0, 61.0, -143.0, 157.0, 25]
[95, -90, 5, 135, 0, 0, 0, -25.0, -243.0, 143.0, 25.0, 61.0, -143.0, 157.0, 25]
[100, 0, -5, 135, 0, 0, 0, 35.0, -169.0, 153.0, -35.0, -13.0, -153.0, 157.0, 25]
[100, 0, 5, 135, 0, 0, 0, 35.0, -195.0, 153.0, -35.0, 13.0, -153.0, 157.0, 25]
[100, -5, -25, 135, 0, 0, 0, 42.0, -126.0, 141.0, -42.0, -56.0, -141.0, 157.0, 25]
[100, -10, -10, 135, 0, 0, 0, 38.0, -168.0, 152.0, -38.0, -14.0, -152.0, 157.0, 25]
[100, -10, 30, 135, 0, 0, 0, 25.0, -264.0, 132.0, -25.0, 82.0, -132.0, 157.0, 25]
[100, -15, -35, 135, 0, 0, 0, 58.0, -117.0, 131.0, -58.0, -65.0, -131.0, 157.0, 25]
[100, -15, -15, 135, 0, 0, 0, 43.0, -161.0, 150.0, -43.0, -21.0, -150.0, 157.0, 25]
[100, -15, 25, 135, 0, 0, 0, 19.0, -257.0, 137.0, -19.0, 75.0, -137.0, 157.0, 25]
[100, -20, -45, 135, 0, 0, 0, 73.0, -106.0, 117.0, -73.0, -76.0, -117.0, 157.0, 25]
[100, -20, -40, 135, 0, 0, 0, 68.0, -115.0, 125.0, -68.0, -67.0, -125.0, 157.0, 25]
[100, -20, 35, 135, 0, 0, 0, 7.0, -281.0, 122.0, -7.0, 99.0, -122.0, 157.0, 25]
[100, -25, -5, 135, 0, 0, 0, 34.0, -196.0, 153.0, -34.0, 14.0, -153.0, 157.0, 25]
[10, -65, -30, 135, 0, 0, 0, 140.0, -206.0, -68.0, -140.0, 24.0, 68.0, 157.0, 30]
[10, -65, 20, 135, 0, 0, 0, 131.0, -258.0, 43.0, -131.0, 76.0, -43.0, 157.0, 30]
[10, -70, -15, 135, 0, 0, 0, 148.0, -226.0, -31.0, -148.0, 44.0, 31.0, 157.0, 30]
[10, -70, 20, 135, 0, 0, 0, 130.0, -256.0, 49.0, -130.0, 74.0, -49.0, 157.0, 30]
[10, -75, -35, 135, 0, 0, 0, 134.0, -219.0, -74.0, -134.0, 37.0, 74.0, 157.0, 30]
[10, -75, 45, 135, 0, 0, 0, 87.0, -267.0, 100.0, -87.0, 85.0, -100.0, 157.0, 30]
[10, -80, -25, 135, 0, 0, 0, 142.0, -231.0, -47.0, -142.0, 49.0, 47.0, 157.0, 30]
[10, -80, 35, 135, 0, 0, 0, 105.0, -256.0, 91.0, -105.0, 74.0, -91.0, 157.0, 30]
[10, -85, -20, 135, 0, 0, 0, 144.0, -238.0, -30.0, -144.0, 56.0, 30.0, 157.0, 30]
[10, -90, -20, 135, 0, 0, 0, 143.0, -243.0, -25.0, -143.0, 61.0, 25.0, 157.0, 30]
[10, -90, 0, 135, 0, 0, 0, 143.0, -243.0, 25.0, -143.0, 61.0, -25.0, 157.0, 30]
[15, 0, 0, 135, 0, 0, 0, 156.0, -182.0, -21.0, -156.0, 0.0, 21.0, 157.0, 30]
[15, -5, -45, 135, 0, 0, 0, 117.0, -85.0, -41.0, -117.0, -97.0, 41.0, 157.0, 30]
[15, -5, -15, 135, 0, 0, 0, 152.0, -150.0, -25.0, -152.0, -32.0, 25.0, 157.0, 30]
[15, -5, 0, 135, 0, 0, 0, 156.0, -187.0, -21.0, -156.0, 5.0, 21.0, 157.0, 30]
[15, -15, -10, 135, 0, 0, 0, 155.0, -173.0, -26.0, -155.0, -9.0, 26.0, 157.0, 30]
[15, -20, -20, 135, 0, 0, 0, 151.0, -156.0, -36.0, -151.0, -26.0, 36.0, 157.0, 30]
[15, -20, 0, 135, 0, 0, 0, 155.0, -203.0, -18.0, -155.0, 21.0, 18.0, 157.0, 30]
[15, -20, 15, 135, 0, 0, 0, 147.0, -238.0, -6.0, -147.0, 56.0, 6.0, 157.0, 30]
[55, -65, -30, 135, 0, 0, 0, 147.0, -206.0, 51.0, -147.0, 24.0, -51.0, 157.0, 30]
[55, -65, -25, 135, 0, 0, 0, 142.0, -211.0, 61.0, -142.0, 29.0, -61.0, 157.0, 30]
[55, -65, 25, 135, 0, 0, 0, 51.0, -263.0, 125.0, -51.0, 81.0, -125.0, 157.0, 30]
[55, -65, 30, 135, 0, 0, 0, 39.0, -268.0, 126.0, -39.0, 86.0, -126.0, 157.0, 30]
[55, -65, 35, 135, 0, 0, 0, 27.0, -272.0, 126.0, -27.0, 90.0, -126.0, 157.0, 30]
[55, -70, -45, 135, 0, 0, 0, 155.0, -204.0, 17.0, -155.0, 22.0, -17.0, 157.0, 30]
[55, -70, -30, 135, 0, 0, 0, 145.0, -214.0, 52.0, -145.0, 32.0, -52.0, 157.0, 30]
[55, -70, 25, 135, 0, 0, 0, 45.0, -260.0, 129.0, -45.0, 78.0, -129.0, 157.0, 30]
[55, -75, -45, 135, 0, 0, 0, 153.0, -214.0, 18.0, -153.0, 32.0, -18.0, 157.0, 30]
[55, -75, -35, 135, 0, 0, 0, 147.0, -219.0, 42.0, -147.0, 37.0, -42.0, 157.0, 30]
[55, -75, -15, 135, 0, 0, 0, 123.0, -231.0, 85.0, -123.0, 49.0, -85.0, 157.0, 30]
[55, -75, -10, 135, 0, 0, 0, 115.0, -234.0, 94.0, -115.0, 52.0, -94.0, 157.0, 30]
[55, -75, 0, 135, 0, 0, 0, 96.0, -241.0, 110.0, -96.0, 59.0, -110.0, 157.0, 30]
[55, -75, 10, 135, 0, 0, 0, 75.0, -247.0, 122.0, -75.0, 65.0, -122.0, 157.0, 30]
[55, -75, 45, 135, 0, 0, 0, -10.0, -267.0, 132.0, 10.0, 85.0, -132.0, 157.0, 30]
[55, -80, -35, 135, 0, 0, 0, 144.0, -227.0, 44.0, -144.0, 45.0, -44.0, 157.0, 30]
[55, -80, 15, 135, 0, 0, 0, 59.0, -248.0, 130.0, -59.0, 66.0, -130.0, 157.0, 30]
[55, -80, 45, 135, 0, 0, 0, -15.0, -260.0, 136.0, 15.0, 78.0, -136.0, 157.0, 30]
[55, -85, -45, 135, 0, 0, 0, 147.0, -234.0, 22.0, -147.0, 52.0, -22.0, 157.0, 30]
[100, -25, 45, 135, 0, 0, 0, -6.0, -301.0, 103.0, 6.0, 119.0, -103.0, 157.0, 30]
[100, -30, 15, 135, 0, 0, 0, 9.0, -245.0, 144.0, -9.0, 63.0, -144.0, 157.0, 30]
[100, -35, -45, 135, 0, 0, 0, 89.0, -133.0, 120.0, -89.0, -49.0, -120.0, 157.0, 30]
[100, -35, -20, 135, 0, 0, 0, 53.0, -176.0, 148.0, -53.0, -6.0, -148.0, 157.0, 30]
[100, -35, -10, 135, 0, 0, 0, 38.0, -196.0, 152.0, -38.0, 14.0, -152.0, 157.0, 30]
[100, -40, -30, 135, 0, 0, 0, 70.0, -165.0, 140.0, -70.0, -17.0, -140.0, 157.0, 30]
[100, -40, -5, 135, 0, 0, 0, 29.0, -211.0, 152.0, -29.0, 29.0, -152.0, 157.0, 30]
[100, -40, 15, 135, 0, 0, 0, -2.0, -250.0, 142.0, 2.0, 68.0, -142.0, 157.0, 30]
[100, -40, 20, 135, 0, 0, 0, -9.0, -259.0, 137.0, 9.0, 77.0, -137.0, 157.0, 30]
[100, -45, -20, 135, 0, 0, 0, 53.0, -190.0, 148.0, -53.0, 8.0, -148.0, 157.0, 30]
[100, -50, -10, 135, 0, 0, 0, 33.0, -212.0, 151.0, -33.0, 30.0, -151.0, 157.0, 30]
[100, -50, -5, 135, 0, 0, 0, 23.0, -220.0, 151.0, -23.0, 38.0, -151.0, 157.0, 30]
[100, -50, 30, 135, 0, 0, 0, -38.0, -275.0, 121.0, 38.0, 93.0, -121.0, 157.0, 30]
[100, -50, 35, 135, 0, 0, 0, -45.0, -282.0, 113.0, 45.0, 100.0, -113.0, 157.0, 30]
[100, -55, -35, 135, 0, 0, 0, 81.0, -184.0, 135.0, -81.0, 2.0, -135.0, 157.0, 30]
[100, -55, 15, 135, 0, 0, 0, -20.0, -253.0, 139.0, 20.0, 71.0, -139.0, 157.0, 30]
[100, -55, 25, 135, 0, 0, 0, -38.0, -267.0, 127.0, 38.0, 85.0, -127.0, 157.0, 30]
[100, -60, -40, 135, 0, 0, 0, 90.0, -188.0, 129.0, -90.0, 6.0, -129.0, 157.0, 30]
[100, -60, -35, 135, 0, 0, 0, 80.0, -193.0, 135.0, -80.0, 11.0, -135.0, 157.0, 30]
[15, -25, -15, 135, 0, 0, 0, 154.0, -174.0, -32.0, -154.0, -8.0, 32.0, 157.0, 35]
[15, -25, 35, 135, 0, 0, 0, 120.0, -283.0, 12.0, -120.0, 101.0, -12.0, 157.0, 35]
[15, -25, 45, 135, 0, 0, 0, 102.0, -301.0, 15.0, -102.0, 119.0, -15.0, 157.0, 35]
[15, -30, -10, 135, 0, 0, 0, 155.0, -191.0, -26.0, -155.0, 9.0, 26.0, 157.0, 35]
[15, -30, -5, 135, 0, 0, 0, 155.0, -201.0, -19.0, -155.0, 19.0, 19.0, 157.0, 35]
[15, -30, 0, 135, 0, 0, 0, 154.0, -212.0, -13.0, -154.0, 30.0, 13.0, 157.0, 35]
[15, -35, 25, 135, 0, 0, 0, 131.0, -267.0, 20.0, -131.0, 85.0, -20.0, 157.0, 35]
[15, -40, -40, 135, 0, 0, 0, 135.0, -149.0, -74.0, -135.0, -33.0, 74.0, 157.0, 35]
[15, -40, -5, 135, 0, 0, 0, 154.0, -211.0, -15.0, -154.0, 29.0, 15.0, 157.0, 35]
[15, -40, 10, 135, 0, 0, 0, 146.0, -240.0, 8.0, -146.0, 58.0, -8.0, 157.0, 35]
[15, -40, 25, 135, 0, 0, 0, 129.0, -268.0, 27.0, -129.0, 86.0, -27.0, 157.0, 35]
[15, -45, -45, 135, 0, 0, 0, 129.0, -152.0, -85.0, -129.0, -30.0, 85.0, 157.0, 35]
[15, -45, -20, 135, 0, 0, 0, 152.0, -190.0, -40.0, -152.0, 8.0, 40.0, 157.0, 35]
[15, -50, -40, 135, 0, 0, 0, 136.0, -168.0, -78.0, -136.0, -14.0, 78.0, 157.0, 35]
[15, -50, -30, 135, 0, 0, 0, 146.0, -182.0, -59.0, -146.0, 0.0, 59.0, 157.0, 35]
[15, -50, 25, 135, 0, 0, 0, 125.0, -268.0, 42.0, -125.0, 86.0, -42.0, 157.0, 35]
[15, -55, 10, 135, 0, 0, 0, 142.0, -246.0, 23.0, -142.0, 64.0, -23.0, 157.0, 35]
[15, -55, 25, 135, 0, 0, 0, 123.0, -267.0, 49.0, -123.0, 85.0, -49.0, 157.0, 35]
[15, -60, 30, 135, 0, 0, 0, 113.0, -271.0, 64.0, -113.0, 89.0, -64.0, 157.0, 35]
[55, -90, -45, 135, 0, 0, 0, 143.0, -243.0, 25.0, -143.0, 61.0, -25.0, 157.0, 35]
[55, -90, 25, 135, 0, 0, 0, 25.0, -243.0, 143.0, -25.0, 61.0, -143.0, 157.0, 35]
[55, -90, 45, 135, 0, 0, 0, -25.0, -243.0, 143.0, 25.0, 61.0, -143.0, 157.0, 35]
[60, -5, -35, 135, 0, 0, 0, 118.0, -104.0, 69.0, -118.0, -78.0, -69.0, 157.0, 35]
[60, -10, -10, 135, 0, 0, 0, 127.0, -168.0, 92.0, -127.0, -14.0, -92.0, 157.0, 35]
[60, -15, -45, 135, 0, 0, 0, 125.0, -98.0, 46.0, -125.0, -84.0, -46.0, 157.0, 35]
[60, -15, 45, 135, 0, 0, 0, 79.0, -297.0, 73.0, -79.0, 115.0, -73.0, 157.0, 35]
[60, -20, 35, 135, 0, 0, 0, 84.0, -281.0, 89.0, -84.0, 99.0, -89.0, 157.0, 35]
[60, -25, -30, 135, 0, 0, 0, 137.0, -142.0, 66.0, -137.0, -40.0, -66.0, 157.0, 35]
[60, -25, -20, 135, 0, 0, 0, 134.0, -163.0, 80.0, -134.0, -19.0, -80.0, 157.0, 35]
[60, -25, 35, 135, 0, 0, 0, 77.0, -283.0, 93.0, -77.0, 101.0, -93.0, 157.0, 35]
[60, -30, -35, 135, 0, 0, 0, 141.0, -140.0, 56.0, -141.0, -42.0, -56.0, 157.0, 35]
[60, -30, 10, 135, 0, 0, 0, 106.0, -234.0, 104.0, -106.0, 52.0, -104.0, 157.0, 35]
[60, -30, 30, 135, 0, 0, 0, 77.0, -275.0, 101.0, -77.0, 93.0, -101.0, 157.0, 35]
[60, -35, -30, 135, 0, 0, 0, 142.0, -157.0, 63.0, -142.0, -25.0, -63.0, 157.0, 35]
[60, -35, -20, 135, 0, 0, 0, 136.0, -176.0, 79.0, -136.0, -6.0, -79.0, 157.0, 35]
[60, -35, -10, 135, 0, 0, 0, 127.0, -196.0, 92.0, -127.0, 14.0, -92.0, 157.0, 35]
[60, -35, 5, 135, 0, 0, 0, 109.0, -227.0, 104.0, -109.0, 45.0, -104.0, 157.0, 35]
[60, -35, 35, 135, 0, 0, 0, 61.0, -285.0, 102.0, -61.0, 103.0, -102.0, 157.0, 35]
[100, -60, -30, 135, 0, 0, 0, 70.0, -198.0, 140.0, -70.0, 16.0, -140.0, 157.0, 35]
[100, -60, 25, 135, 0, 0, 0, -45.0, -265.0, 126.0, 45.0, 83.0, -126.0, 157.0, 35]
[100, -60, 35, 135, 0, 0, 0, -62.0, -276.0, 110.0, 62.0, 94.0, -110.0, 157.0, 35]
[100, -65, -30, 135, 0, 0, 0, 68.0, -206.0, 140.0, -68.0, 24.0, -140.0, 157.0, 35]
[100, -65, 20, 135, 0, 0, 0, -43.0, -258.0, 131.0, 43.0, 76.0, -131.0, 157.0, 35]
[100, -70, -15, 135, 0, 0, 0, 31.0, -226.0, 148.0, -31.0, 44.0, -148.0, 157.0, 35]
[100, -70, 20, 135, 0, 0, 0, -49.0, -256.0, 130.0, 49.0, 74.0, -130.0, 157.0, 35]
[100, -75, -35, 135, 0, 0, 0, 74.0, -219.0, 134.0, -74.0, 37.0, -134.0, 157.0, 35]
[100, -75, 45, 135, 0, 0, 0, -100.0, -267.0, 87.0, 100.0, 85.0, -87.0, 157.0, 35]
[100, -80, -25, 135, 0, 0, 0, 47.0, -231.0, 142.0, -47.0, 49.0, -142.0, 157.0, 35]
[100, -80, 35, 135, 0, 0, 0, -91.0, -256.0, 105.0, 91.0, 74.0, -105.0, 157.0, 35]
[100, -85, -20, 135, 0, 0, 0, 30.0, -238.0, 144.0, -30.0, 56.0, -144.0, 157.0, 35]
[100, -90, -20, 135, 0, 0, 0, 25.0, -243.0, 143.0, -25.0, 61.0, -143.0, 157.0, 35]
[100, -90, 0, 135, 0, 0, 0, -25.0, -243.0, 143.0, 25.0, 61.0, -143.0, 157.0, 35]
[105, 0, 0, 135, 0, 0, 0, 21.0, -182.0, 156.0, -21.0, 0.0, -156.0, 157.0, 35]
[105, -5, -45, 135, 0, 0, 0, 41.0, -85.0, 117.0, -41.0, -97.0, -117.0, 157.0, 35]
[105, -5, -15, 135, 0, 0, 0, 25.0, -150.0, 152.0, -25.0, -32.0, -152.0, 157.0, 35]
[105, -5, 0, 135, 0, 0, 0, 21.0, -187.0, 156.0, -21.0, 5.0, -156.0, 157.0, 35]
[105, -15, -10, 135, 0, 0, 0, 26.0, -173.0, 155.0, -26.0, -9.0, -155.0, 157.0, 35]
[15, -60, 35, 135, 0, 0, 0, 104.0, -276.0, 71.0, -104.0, 94.0, -71.0, 157.0, 40]
[15, -60, 45, 135, 0, 0, 0, 84.0, -286.0, 83.0, -84.0, 104.0, -83.0, 157.0, 40]
[15, -65, -45, 135, 0, 0, 0, 130.0, -194.0, -88.0, -130.0, 12.0, 88.0, 157.0, 40]
[15, -65, -15, 135, 0, 0, 0, 151.0, -221.0, -21.0, -151.0, 39.0, 21.0, 157.0, 40]
[15, -65, 0, 135, 0, 0, 0, 147.0, -237.0, 13.0, -147.0, 55.0, -13.0, 157.0, 40]
[15, -65, 35, 135, 0, 0, 0, 102.0, -272.0, 79.0, -102.0, 90.0, -79.0, 157.0, 40]
[15, -70, -15, 135, 0, 0, 0, 150.0, -226.0, -18.0, -150.0, 44.0, 18.0, 157.0, 40]
[15, -75, -15, 135, 0, 0, 0, 149.0, -231.0, -14.0, -149.0, 49.0, 14.0, 157.0, 40]
[15, -75, -5, 135, 0, 0, 0, 147.0, -237.0, 11.0, -147.0, 55.0, -11.0, 157.0, 40]
[15, -80, -40, 135, 0, 0, 0, 134.0, -226.0, -70.0, -134.0, 44.0, 70.0, 157.0, 40]
[15, -80, 0, 135, 0, 0, 0, 143.0, -242.0, 27.0, -143.0, 60.0, -27.0, 157.0, 40]
[15, -85, -40, 135, 0, 0, 0, 133.0, -234.0, -66.0, -133.0, 52.0, 66.0, 157.0, 40]
[15, -85, -20, 135, 0, 0, 0, 146.0, -238.0, -18.0, -146.0, 56.0, 18.0, 157.0, 40]
[15, -85, -10, 135, 0, 0, 0, 146.0, -240.0, 8.0, -146.0, 58.0, -8.0, 157.0, 40]
[15, -85, 10, 135, 0, 0, 0, 133.0, -245.0, 56.0, -133.0, 63.0, -56.0, 157.0, 40]
[15, -90, -25, 135, 0, 0, 0, 143.0, -243.0, -25.0, -143.0, 61.0, 25.0, 157.0, 40]
[15, -90, -5, 135, 0, 0, 0, 143.0, -243.0, 25.0, -143.0, 61.0, -25.0, 157.0, 40]
[20, 0, -20, 135, 0, 0, 0, 149.0, -132.0, -10.0, -149.0, -50.0, 10.0, 157.0, 40]
[20, 0, 20, 135, 0, 0, 0, 149.0, -232.0, -10.0, -149.0, 50.0, 10.0, 157.0, 40]
[60, -45, -40, 135, 0, 0, 0, 150.0, -159.0, 42.0, -150.0, -23.0, -42.0, 157.0, 40]
[60, -45, -20, 135, 0, 0, 0, 136.0, -190.0, 79.0, -136.0, 8.0, -79.0, 157.0, 40]
[60, -50, 25, 135, 0, 0, 0, 59.0, -268.0, 118.0, -59.0, 86.0, -118.0, 157.0, 40]
[60, -55, -40, 135, 0, 0, 0, 152.0, -178.0, 41.0, -152.0, -4.0, -41.0, 157.0, 40]
[60, -55, 20, 135, 0, 0, 0, 63.0, -260.0, 121.0, -63.0, 78.0, -121.0, 157.0, 40]
[60, -60, -5, 135, 0, 0, 0, 108.0, -228.0, 105.0, -108.0, 46.0, -105.0, 157.0, 40]
[60, -60, 35, 135, 0, 0, 0, 23.0, -276.0, 124.0, -23.0, 94.0, -124.0, 157.0, 40]
[60, -65, 25, 135, 0, 0, 0, 40.0, -263.0, 129.0, -40.0, 81.0, -129.0, 157.0, 40]
[60, -65, 35, 135, 0, 0, 0, 16.0, -272.0, 128.0, -16.0, 90.0, -128.0, 157.0, 40]
[60, -70, -45, 135, 0, 0, 0, 153.0, -204.0, 30.0, -153.0, 22.0, -30.0, 157.0, 40]
[60, -70, 45, 135, 0, 0, 0, -14.0, -274.0, 127.0, 14.0, 92.0, -127.0, 157.0, 40]
[60, -75, 0, 135, 0, 0, 0, 86.0, -241.0, 118.0, -86.0, 59.0, -118.0, 157.0, 40]
[60, -80, -45, 135, 0, 0, 0, 148.0, -224.0, 33.0, -148.0, 42.0, -33.0, 157.0, 40]
[60, -80, -30, 135, 0, 0, 0, 134.0, -229.0, 68.0, -134.0, 47.0, -68.0, 157.0, 40]
[60, -80, -10, 135, 0, 0, 0, 102.0, -238.0, 106.0, -102.0, 56.0, -106.0, 157.0, 40]
[60, -80, 10, 135, 0, 0, 0, 59.0, -246.0, 131.0, -59.0, 64.0, -131.0, 157.0, 40]
[60, -80, 15, 135, 0, 0, 0, 47.0, -248.0, 135.0, -47.0, 66.0, -135.0, 157.0, 40]
[60, -80, 35, 135, 0, 0, 0, -2.0, -256.0, 139.0, 2.0, 74.0, -139.0, 157.0, 40]
[60, -80, 40, 135, 0, 0, 0, -15.0, -258.0, 137.0, 15.0, 76.0, -137.0, 157.0, 40]
[105, -20, -20, 135, 0, 0, 0, 36.0, -156.0, 151.0, -36.0, -26.0, -151.0, 157.0, 40]
[105, -20, 0, 135, 0, 0, 0, 18.0, -203.0, 155.0, -18.0, 21.0, -155.0, 157.0, 40]
[105, -20, 15, 135, 0, 0, 0, 6.0, -238.0, 147.0, -6.0, 56.0, -147.0, 157.0, 40]
[105, -25, -15, 135, 0, 0, 0, 32.0, -174.0, 154.0, -32.0, -8.0, -154.0, 157.0, 40]
[105, -25, 35, 135, 0, 0, 0, -12.0, -283.0, 120.0, 12.0, 101.0, -120.0, 157.0, 40]
[105, -25, 45, 135, 0, 0, 0, -15.0, -301.0, 102.0, 15.0, 119.0, -102.0, 157.0, 40]
[105, -30, -10, 135, 0, 0, 0, 26.0, -191.0, 155.0, -26.0, 9.0, -155.0, 157.0, 40]
[105, -30, -5, 135, 0, 0, 0, 19.0, -201.0, 155.0, -19.0, 19.0, -155.0, 157.0, 40]
[105, -30, 0, 135, 0, 0, 0, 13.0, -212.0, 154.0, -13.0, 30.0, -154.0, 157.0, 40]
[105, -35, 25, 135, 0, 0, 0, -20.0, -267.0, 131.0, 20.0, 85.0, -131.0, 157.0, 40]
[105, -40, -40, 135, 0, 0, 0, 74.0, -149.0, 135.0, -74.0, -33.0, -135.0, 157.0, 40]
[105, -40, -5, 135, 0, 0, 0, 15.0, -211.0, 154.0, -15.0, 29.0, -154.0, 157.0, 40]
[105, -40, 10, 135, 0, 0, 0, -8.0, -240.0, 146.0, 8.0, 58.0, -146.0, 157.0, 40]
[105, -40, 25, 135, 0, 0, 0, -27.0, -268.0, 129.0, 27.0, 86.0, -129.0, 157.0, 40]
[105, -45, -45, 135, 0, 0, 0, 85.0, -152.0, 129.0, -85.0, -30.0, -129.0, 157.0, 40]
[105, -45, -20, 135, 0, 0, 0, 40.0, -190.0, 152.0, -40.0, 8.0, -152.0, 157.0, 40]
[105, -50, -40, 135, 0, 0, 0, 78.0, -168.0, 136.0, -78.0, -14.0, -136.0, 157.0, 40]
[105, -50, -30, 135, 0, 0, 0, 59.0, -182.0, 146.0, -59.0, 0.0, -146.0, 157.0, 40]
[105, -50, 25, 135, 0, 0, 0, -42.0, -268.0, 125.0, 42.0, 86.0, -125.0, 157.0, 40]
[20, -5, -40, 135, 0, 0, 0, 128.0, -94.0, -26.0, -128.0, -88.0, 26.0, 157.0, 45]
[20, -5, -30, 135, 0, 0, 0, 141.0, -115.0, -20.0, -141.0, -67.0, 20.0, 157.0, 45]
[20, -5, -5, 135, 0, 0, 0, 157.0, -175.0, -8.0, -157.0, -7.0, 8.0, 157.0, 45]
[20, -10, -30, 135, 0, 0, 0, 143.0, -121.0, -25.0, -143.0, -61.0, 25.0, 157.0, 45]
[20, -10, 0, 135, 0, 0, 0, 157.0, -193.0, -6.0, -157.0, 11.0, 6.0, 157.0, 45]
[20, -20, -5, 135, 0, 0, 0, 157.0, -191.0, -8.0, -157.0, 9.0, 8.0, 157.0, 45]
[20, -20, 0, 135, 0, 0, 0, 156.0, -203.0, -4.0, -156.0, 21.0, 4.0, 157.0, 45]
[20, -20, 5, 135, 0, 0, 0, 154.0, -215.0, -0.0, -154.0, 33.0, 0.0, 157.0, 45]
[20, -20, 15, 135, 0, 0, 0, 147.0, -238.0, 7.0, -147.0, 56.0, -7.0, 157.0, 45]
[20, -25, 5, 135, 0, 0, 0, 153.0, -219.0, 3.0, -153.0, 37.0, -3.0, 157.0, 45]
[20, -30, -35, 135, 0, 0, 0, 144.0, -140.0, -48.0, -144.0, -42.0, 48.0, 157.0, 45]
[20, -30, 10, 135, 0, 0, 0, 148.0, -234.0, 11.0, -148.0, 52.0, -11.0, 157.0, 45]
[20, -35, -20, 135, 0, 0, 0, 155.0, -176.0, -27.0, -155.0, -6.0, 27.0, 157.0, 45]
[20, -40, -35, 135, 0, 0, 0, 146.0, -157.0, -53.0, -146.0, -25.0, 53.0, 157.0, 45]
[20, -40, -15, 135, 0, 0, 0, 156.0, -192.0, -18.0, -156.0, 10.0, 18.0, 157.0, 45]
[20, -40, 25, 135, 0, 0, 0, 126.0, -268.0, 39.0, -126.0, 86.0, -39.0, 157.0, 45]
[20, -40, 30, 135, 0, 0, 0, 118.0, -277.0, 43.0, -118.0, 95.0, -43.0, 157.0, 45]
[20, -45, -40, 135, 0, 0, 0, 142.0, -159.0, -64.0, -142.0, -23.0, 64.0, 157.0, 45]
[20, -45, 10, 135, 0, 0, 0, 143.0, -243.0, 25.0, -143.0, 61.0, -25.0, 157.0, 45]
[60, -85, -40, 135, 0, 0, 0, 141.0, -234.0, 47.0, -141.0, 52.0, -47.0, 157.0, 45]
[60, -85, -35, 135, 0, 0, 0, 136.0, -235.0, 59.0, -136.0, 53.0, -59.0, 157.0, 45]
[60, -85, -15, 135, 0, 0, 0, 107.0, -239.0, 100.0, -107.0, 57.0, -100.0, 157.0, 45]
[60, -85, 0, 135, 0, 0, 0, 77.0, -243.0, 123.0, -77.0, 61.0, -123.0, 157.0, 45]
[60, -90, 20, 135, 0, 0, 0, 25.0, -243.0, 143.0, -25.0, 61.0, -143.0, 157.0, 45]
[60, -90, 40, 135, 0, 0, 0, -25.0, -243.0, 143.0, 25.0, 61.0, -143.0, 157.0, 45]
[65, -5, -5, 135, 0, 0, 0, 117.0, -175.0, 105.0, -117.0, -7.0, -105.0, 157.0, 45]
[65, -5, 0, 135, 0, 0, 0, 116.0, -187.0, 106.0, -116.0, 5.0, -106.0, 157.0, 45]
[65, -5, 5, 135, 0, 0, 0, 115.0, -200.0, 106.0, -115.0, 18.0, -106.0, 157.0, 45]
[65, -5, 15, 135, 0, 0, 0, 111.0, -225.0, 103.0, -111.0, 43.0, -103.0, 157.0, 45]
[65, -5, 30, 135, 0, 0, 0, 102.0, -260.0, 91.0, -102.0, 78.0, -91.0, 157.0, 45]
[65, -10, 30, 135, 0, 0, 0, 96.0, -264.0, 94.0, -96.0, 82.0, -94.0, 157.0, 45]
[65, -15, 30, 135, 0, 0, 0, 89.0, -268.0, 97.0, -89.0, 86.0, -97.0, 157.0, 45]
[65, -15, 35, 135, 0, 0, 0, 84.0, -278.0, 92.0, -84.0, 96.0, -92.0, 157.0, 45]
[65, -20, 35, 135, 0, 0, 0, 76.0, -281.0, 96.0, -76.0, 99.0, -96.0, 157.0, 45]
[65, -25, -25, 135, 0, 0, 0, 129.0, -152.0, 85.0, -129.0, -30.0, -85.0, 157.0, 45]
[65, -25, 5, 135, 0, 0, 0, 106.0, -219.0, 110.0, -106.0, 37.0, -110.0, 157.0, 45]
[65, -30, -25, 135, 0, 0, 0, 131.0, -159.0, 84.0, -131.0, -23.0, -84.0, 157.0, 45]
[65, -30, -15, 135, 0, 0, 0, 124.0, -180.0, 97.0, -124.0, -2.0, -97.0, 157.0, 45]
[105, -55, 10, 135, 0, 0, 0, -23.0, -246.0, 142.0, 23.0, 64.0, -142.0, 157.0, 45]
[105, -55, 25, 135, 0, 0, 0, -49.0, -267.0, 123.0, 49.0, 85.0, -123.0, 157.0, 45]
[105, -60, 30, 135, 0, 0, 0, -64.0, -271.0, 113.0, 64.0, 89.0, -113.0, 157.0, 45]
[105, -60, 35, 135, 0, 0, 0, -71.0, -276.0, 104.0, 71.0, 94.0, -104.0, 157.0, 45]
[105, -60, 45, 135, 0, 0, 0, -83.0, -286.0, 84.0, 83.0, 104.0, -84.0, 157.0, 45]
[105, -65, -45, 135, 0, 0, 0, 88.0, -194.0, 130.0, -88.0, 12.0, -130.0, 157.0, 45]
[105, -65, -15, 135, 0, 0, 0, 21.0, -221.0, 151.0, -21.0, 39.0, -151.0, 157.0, 45]
[105, -65, 0, 135, 0, 0, 0, -13.0, -237.0, 147.0, 13.0, 55.0, -147.0, 157.0, 45]
[105, -65, 35, 135, 0, 0, 0, -79.0, -272.0, 102.0, 79.0, 90.0, -102.0, 157.0, 45]
[105, -70, -15, 135, 0, 0, 0, 18.0, -226.0, 150.0, -18.0, 44.0, -150.0, 157.0, 45]
[105, -75, -15, 135, 0, 0, 0, 14.0, -231.0, 149.0, -14.0, 49.0, -149.0, 157.0, 45]
[105, -75, -5, 135, 0, 0, 0, -11.0, -237.0, 147.0, 11.0, 55.0, -147.0, 157.0, 45]
[105, -80, -40, 135, 0, 0, 0, 70.0, -226.0, 134.0, -70.0, 44.0, -134.0, 157.0, 45]
[105, -80, 0, 135, 0, 0, 0, -27.0, -242.0, 143.0, 27.0, 60.0, -143.0, 157.0, 45]
[105, -85, -40, 135, 0, 0, 0, 66.0, -234.0, 133.0, -66.0, 52.0, -133.0, 157.0, 45]
[105, -85, -20, 135, 0, 0, 0, 18.0, -238.0, 146.0, -18.0, 56.0, -146.0, 157.0, 45]
[105, -85, -10, 135, 0, 0, 0, -8.0, -240.0, 146.0, 8.0, 58.0, -146.0, 157.0, 45]
[105, -85, 10, 135, 0, 0, 0, -56.0, -245.0, 133.0, 56.0, 63.0, -133.0, 157.0, 45]
[105, -90, -25, 135, 0, 0, 0, 25.0, -243.0, 143.0, -25.0, 61.0, -143.0, 157.0, 45]
[20, -45, 20, 135, 0, 0, 0, 131.0, -260.0, 39.0, -131.0, 78.0, -39.0, 157.0, 50]
[20, -50, -35, 135, 0, 0, 0, 147.0, -175.0, -56.0, -147.0, -7.0, 56.0, 157.0, 50]
[20, -50, -15, 135, 0, 0, 0, 155.0, -204.0, -16.0, -155.0, 22.0, 16.0, 157.0, 50]
[20, -55, -35, 135, 0, 0, 0, 147.0, -184.0, -56.0, -147.0, 2.0, 56.0, 157.0, 50]
[20, -65, -10, 135, 0, 0, 0, 151.0, -226.0, 3.0, -151.0, 44.0, -3.0, 157.0, 50]
[20, -70, -15, 135, 0, 0, 0, 151.0, -226.0, -5.0, -151.0, 44.0, 5.0, 157.0, 50]
[20, -70, 25, 135, 0, 0, 0, 111.0, -260.0, 80.0, -111.0, 78.0, -80.0, 157.0, 50]
[20, -75, -20, 135, 0, 0, 0, 150.0, -228.0, -13.0, -150.0, 46.0, 13.0, 157.0, 50]
[20, -75, 40, 135, 0, 0, 0, 79.0, -265.0, 108.0, -79.0, 83.0, -108.0, 157.0, 50]
[20, -80, -25, 135, 0, 0, 0, 148.0, -231.0, -22.0, -148.0, 49.0, 22.0, 157.0, 50]
[20, -80, 0, 135, 0, 0, 0, 140.0, -242.0, 40.0, -140.0, 60.0, -40.0, 157.0, 50]
[20, -85, -35, 135, 0, 0, 0, 142.0, -235.0, -42.0, -142.0, 53.0, 42.0, 157.0, 50]
[20, -85, -20, 135, 0, 0, 0, 147.0, -238.0, -5.0, -147.0, 56.0, 5.0, 157.0, 50]
[20, -85, -10, 135, 0, 0, 0, 145.0, -240.0, 20.0, -145.0, 58.0, -20.0, 157.0, 50]
[20, -85, -5, 135, 0, 0, 0, 142.0, -241.0, 33.0, -142.0, 59.0, -33.0, 157.0, 50]
[20, -85, 20, 135, 0, 0, 0, 113.0, -247.0, 88.0, -113.0, 65.0, -88.0, 157.0, 50]
[20, -90, -30, 135, 0, 0, 0, 143.0, -243.0, -25.0, -143.0, 61.0, 25.0, 157.0, 50]
[20, -90, -10, 135, 0, 0, 0, 143.0, -243.0, 25.0, -143.0, 61.0, -25.0, 157.0, 50]
[25, -10, -25, 135, 0, 0, 0, 149.0, -132.0, -8.0, -149.0, -50.0, 8.0, 157.0, 50]
[65, -30, 30, 135, 0, 0, 0, 68.0, -275.0, 107.0, -68.0, 93.0, -107.0, 157.0, 50]
[65, -35, -45, 135, 0, 0, 0, 142.0, -133.0, 47.0, -142.0, -49.0, -47.0, 157.0, 50]
[65, -35, -15, 135, 0, 0, 0, 124.0, -186.0, 97.0, -124.0, 4.0, -97.0, 157.0, 50]
[65, -35, -5, 135, 0, 0, 0, 113.0, -206.0, 107.0, -113.0, 24.0, -107.0, 157.0, 50]
[65, -35, 35, 135, 0, 0, 0, 52.0, -285.0, 107.0, -52.0, 103.0, -107.0, 157.0, 50]
[65, -35, 45, 135, 0, 0, 0, 35.0, -301.0, 97.0, -35.0, 119.0, -97.0, 157.0, 50]
[65, -40, 10, 135, 0, 0, 0, 88.0, -240.0, 117.0, -88.0, 58.0, -117.0, 157.0, 50]
[65, -45, 10, 135, 0, 0, 0, 83.0, -243.0, 119.0, -83.0, 61.0, -119.0, 157.0, 50]
[65, -50, -45, 135, 0, 0, 0, 150.0, -162.0, 43.0, -150.0, -20.0, -43.0, 157.0, 50]
[65, -50, -30, 135, 0, 0, 0, 139.0, -182.0, 74.0, -139.0, 0.0, -74.0, 157.0, 50]
[65, -50, 30, 135, 0, 0, 0, 38.0, -275.0, 121.0, -38.0, 93.0, -121.0, 157.0, 50]
[65, -55, -20, 135, 0, 0, 0, 126.0, -203.0, 92.0, -126.0, 21.0, -92.0, 157.0, 50]
[65, -55, -5, 135, 0, 0, 0, 102.0, -225.0, 112.0, -102.0, 43.0, -112.0, 157.0, 50]
[65, -55, 10, 135, 0, 0, 0, 73.0, -246.0, 124.0, -73.0, 64.0, -124.0, 157.0, 50]
[65, -60, 10, 135, 0, 0, 0, 68.0, -247.0, 126.0, -68.0, 65.0, -126.0, 157.0, 50]
[65, -60, 25, 135, 0, 0, 0, 35.0, -265.0, 129.0, -35.0, 83.0, -129.0, 157.0, 50]
[65, -65, -45, 135, 0, 0, 0, 151.0, -194.0, 43.0, -151.0, 12.0, -43.0, 157.0, 50]
[65, -65, -40, 135, 0, 0, 0, 147.0, -198.0, 54.0, -147.0, 16.0, -54.0, 157.0, 50]
[65, -65, -35, 135, 0, 0, 0, 142.0, -202.0, 65.0, -142.0, 20.0, -65.0, 157.0, 50]
[105, -90, -5, 135, 0, 0, 0, -25.0, -243.0, 143.0, 25.0, 61.0, -143.0, 157.0, 50]
[110, 0, -20, 135, 0, 0, 0, 10.0, -132.0, 149.0, -10.0, -50.0, -149.0, 157.0, 50]
[110, 0, 20, 135, 0, 0, 0, 10.0, -232.0, 149.0, -10.0, 50.0, -149.0, 157.0, 50]
[110, -5, -40, 135, 0, 0, 0, 26.0, -94.0, 128.0, -26.0, -88.0, -128.0, 157.0, 50]
[110, -5, -30, 135, 0, 0, 0, 20.0, -115.0, 141.0, -20.0, -67.0, -141.0, 157.0, 50]
[110, -5, -5, 135, 0, 0, 0, 8.0, -175.0, 157.0, -8.0, -7.0, -157.0, 157.0, 50]
[110, -10, -30, 135, 0, 0, 0, 25.0, -121.0, 143.0, -25.0, -61.0, -143.0, 157.0, 50]
[110, -10, 0, 135, 0, 0, 0, 6.0, -193.0, 157.0, -6.0, 11.0, -157.0, 157.0, 50]
[110, -20, -5, 135, 0, 0, 0, 8.0, -191.0, 157.0, -8.0, 9.0, -157.0, 157.0, 50]
[110, -20, 0, 135, 0, 0, 0, 4.0, -203.0, 156.0, -4.0, 21.0, -156.0, 157.0, 50]
[110, -20, 5, 135, 0, 0, 0, 0.0, -215.0, 154.0, 0.0, 33.0, -154.0, 157.0, 50]
[110, -20, 15, 135, 0, 0, 0, -7.0, -238.0, 147.0, 7.0, 56.0, -147.0, 157.0, 50]
[110, -25, 5, 135, 0, 0, 0, -3.0, -219.0, 153.0, 3.0, 37.0, -153.0, 157.0, 50]
[110, -30, -35, 135, 0, 0, 0, 48.0, -140.0, 144.0, -48.0, -42.0, -144.0, 157.0, 50]
[110, -30, 10, 135, 0, 0, 0, -11.0, -234.0, 148.0, 11.0, 52.0, -148.0, 157.0, 50]
[110, -35, -20, 135, 0, 0, 0, 27.0, -176.0, 155.0, -27.0, -6.0, -155.0, 157.0, 50]
[110, -40, -35, 135, 0, 0, 0, 53.0, -157.0, 146.0, -53.0, -25.0, -146.0, 157.0, 50]
[110, -40, -15, 135, 0, 0, 0, 18.0, -192.0, 156.0, -18.0, 10.0, -156.0, 157.0, 50]
[110, -40, 25, 135, 0, 0, 0, -39.0, -268.0, 126.0, 39.0, 86.0, -126.0, 157.0, 50]
[25, -10, 10, 135, 0, 0, 0, 153.0, -217.0, 10.0, -153.0, 35.0, -10.0, 157.0, 55]
[25, -10, 25, 135, 0, 0, 0, 140.0, -253.0, 11.0, -140.0, 71.0, -11.0, 157.0, 55]
[25, -10, 30, 135, 0, 0, 0, 134.0, -264.0, 10.0, -134.0, 82.0, -10.0, 157.0, 55]
[25, -15, -20, 135, 0, 0, 0, 154.0, -150.0, -7.0, -154.0, -32.0, 7.0, 157.0, 55]
[25, -15, -15, 135, 0, 0, 0, 156.0, -161.0, -3.0, -156.0, -21.0, 3.0, 157.0, 55]
[25, -15, 20, 135, 0, 0, 0, 143.0, -246.0, 16.0, -143.0, 64.0, -16.0, 157.0, 55]
[25, -20, -45, 135, 0, 0, 0, 132.0, -106.0, -40.0, -132.0, -76.0, 40.0, 157.0, 55]
[25, -20, -20, 135, 0, 0, 0, 155.0, -156.0, -9.0, -155.0, -26.0, 9.0, 157.0, 55]
[25, -30, -5, 135, 0, 0, 0, 156.0, -201.0, 8.0, -156.0, 19.0, -8.0, 157.0, 55]
[25, -35, -45, 135, 0, 0, 0, 139.0, -133.0, -55.0, -139.0, -49.0, 55.0, 157.0, 55]
[25, -35, -35, 135, 0, 0, 0, 149.0, -148.0, -38.0, -149.0, -34.0, 38.0, 157.0, 55]
[25, -35, 5, 135, 0, 0, 0, 149.0, -227.0, 23.0, -149.0, 45.0, -23.0, 157.0, 55]
[25, -35, 45, 135, 0, 0, 0, 89.0, -301.0, 52.0, -89.0, 119.0, -52.0, 157.0, 55]
[25, -40, -15, 135, 0, 0, 0, 157.0, -192.0, -5.0, -157.0, 10.0, 5.0, 157.0, 55]
[25, -45, -45, 135, 0, 0, 0, 142.0, -152.0, -61.0, -142.0, -30.0, 61.0, 157.0, 55]
[25, -45, -30, 135, 0, 0, 0, 154.0, -174.0, -32.0, -154.0, -8.0, 32.0, 157.0, 55]
[25, -45, -5, 135, 0, 0, 0, 153.0, -216.0, 14.0, -153.0, 34.0, -14.0, 157.0, 55]
[25, -45, 40, 135, 0, 0, 0, 91.0, -291.0, 68.0, -91.0, 109.0, -68.0, 157.0, 55]
[25, -50, -30, 135, 0, 0, 0, 154.0, -182.0, -33.0, -154.0, 0.0, 33.0, 157.0, 55]
[65, -65, 20, 135, 0, 0, 0, 40.0, -258.0, 132.0, -40.0, 76.0, -132.0, 157.0, 55]
[65, -65, 35, 135, 0, 0, 0, 5.0, -272.0, 129.0, -5.0, 90.0, -129.0, 157.0, 55]
[65, -70, -35, 135, 0, 0, 0, 140.0, -211.0, 66.0, -140.0, 29.0, -66.0, 157.0, 55]
[65, -70, -20, 135, 0, 0, 0, 119.0, -222.0, 95.0, -119.0, 40.0, -95.0, 157.0, 55]
[65, -70, 0, 135, 0, 0, 0, 80.0, -239.0, 123.0, -80.0, 57.0, -123.0, 157.0, 55]
[65, -70, 25, 135, 0, 0, 0, 22.0, -260.0, 135.0, -22.0, 78.0, -135.0, 157.0, 55]
[65, -70, 30, 135, 0, 0, 0, 10.0, -264.0, 134.0, -10.0, 82.0, -134.0, 157.0, 55]
[65, -70, 45, 135, 0, 0, 0, -25.0, -274.0, 125.0, 25.0, 92.0, -125.0, 157.0, 55]
[65, -80, 35, 135, 0, 0, 0, -15.0, -256.0, 138.0, 15.0, 74.0, -138.0, 157.0, 55]
[65, -85, -40, 135, 0, 0, 0, 136.0, -234.0, 59.0, -136.0, 52.0, -59.0, 157.0, 55]
[65, -85, -25, 135, 0, 0, 0, 116.0, -237.0, 91.0, -116.0, 55.0, -91.0, 157.0, 55]
[65, -85, -15, 135, 0, 0, 0, 98.0, -239.0, 109.0, -98.0, 57.0, -109.0, 157.0, 55]
[65, -85, -10, 135, 0, 0, 0, 88.0, -240.0, 117.0, -88.0, 58.0, -117.0, 157.0, 55]
[65, -90, 15, 135, 0, 0, 0, 25.0, -243.0, 143.0, -25.0, 61.0, -143.0, 157.0, 55]
[65, -90, 35, 135, 0, 0, 0, -25.0, -243.0, 143.0, 25.0, 61.0, -143.0, 157.0, 55]
[70, 0, -15, 135, 0, 0, 0, 105.0, -144.0, 111.0, -105.0, -38.0, -111.0, 157.0, 55]
[70, 0, 15, 135, 0, 0, 0, 105.0, -220.0, 111.0, -105.0, 38.0, -111.0, 157.0, 55]
[70, -5, -25, 135, 0, 0, 0, 107.0, -126.0, 101.0, -107.0, -56.0, -101.0, 157.0, 55]
[70, -5, -15, 135, 0, 0, 0, 108.0, -150.0, 110.0, -108.0, -32.0, -110.0, 157.0, 55]
[110, -40, 30, 135, 0, 0, 0, -43.0, -277.0, 118.0, 43.0, 95.0, -118.0, 157.0, 55]
[110, -45, -40, 135, 0, 0, 0, 64.0, -159.0, 142.0, -64.0, -23.0, -142.0, 157.0, 55]
[110, -45, 10, 135, 0, 0, 0, -25.0, -243.0, 143.0, 25.0, 61.0, -143.0, 157.0, 55]
[110, -45, 20, 135, 0, 0, 0, -39.0, -260.0, 131.0, 39.0, 78.0, -131.0, 157.0, 55]
[110, -50, -35, 135, 0, 0, 0, 56.0, -175.0, 147.0, -56.0, -7.0, -147.0, 157.0, 55]
[110, -50, -15, 135, 0, 0, 0, 16.0, -204.0, 155.0, -16.0, 22.0, -155.0, 157.0, 55]
[110, -55, -35, 135, 0, 0, 0, 56.0, -184.0, 147.0, -56.0, 2.0, -147.0, 157.0, 55]
[110, -65, -10, 135, 0, 0, 0, -3.0, -226.0, 151.0, 3.0, 44.0, -151.0, 157.0, 55]
[110, -70, -15, 135, 0, 0, 0, 5.0, -226.0, 151.0, -5.0, 44.0, -151.0, 157.0, 55]
[110, -70, 25, 135, 0, 0, 0, -80.0, -260.0, 111.0, 80.0, 78.0, -111.0, 157.0, 55]
[110, -75, -20, 135, 0, 0, 0, 13.0, -228.0, 150.0, -13.0, 46.0, -150.0, 157.0, 55]
[110, -75, 40, 135, 0, 0, 0, -108.0, -265.0, 79.0, 108.0, 83.0, -79.0, 157.0, 55]
[110, -80, -25, 135, 0, 0, 0, 22.0, -231.0, 148.0, -22.0, 49.0, -148.0, 157.0, 55]
[110, -80, 0, 135, 0, 0, 0, -40.0, -242.0, 140.0, 40.0, 60.0, -140.0, 157.0, 55]
[110, -85, -35, 135, 0, 0, 0, 42.0, -235.0, 142.0, -42.0, 53.0, -142.0, 157.0, 55]
[110, -85, -20, 135, 0, 0, 0, 5.0, -238.0, 147.0, -5.0, 56.0, -147.0, 157.0, 55]
[110, -85, -10, 135, 0, 0, 0, -20.0, -240.0, 145.0, 20.0, 58.0, -145.0, 157.0, 55]
[110, -85, -5, 135, 0, 0, 0, -33.0, -241.0, 142.0, 33.0, 59.0, -142.0, 157.0, 55]
[110, -85, 20, 135, 0, 0, 0, -88.0, -247.0, 113.0, 88.0, 65.0, -113.0, 157.0, 55]
[25, -50, 30, 135, 0, 0, 0, 107.0, -275.0, 68.0, -107.0, 93.0, -68.0, 157.0, 60]
[25, -55, -30, 135, 0, 0, 0, 154.0, -190.0, -32.0, -154.0, 8.0, 32.0, 157.0, 60]
[25, -60, 35, 135, 0, 0, 0, 90.0, -276.0, 88.0, -90.0, 94.0, -88.0, 157.0, 60]
[25, -70, -15, 135, 0, 0, 0, 151.0, -226.0, 8.0, -151.0, 44.0, -8.0, 157.0, 60]
[25, -70, 20, 135, 0, 0, 0, 113.0, -256.0, 81.0, -113.0, 74.0, -81.0, 157.0, 60]
[25, -70, 30, 135, 0, 0, 0, 94.0, -264.0, 96.0, -94.0, 82.0, -96.0, 157.0, 60]
[25, -70, 45, 135, 0, 0, 0, 61.0, -274.0, 112.0, -61.0, 92.0, -112.0, 157.0, 60]
[25, -75, -25, 135, 0, 0, 0, 151.0, -225.0, -12.0, -151.0, 43.0, 12.0, 157.0, 60]
[25, -75, -5, 135, 0, 0, 0, 143.0, -237.0, 36.0, -143.0, 55.0, -36.0, 157.0, 60]
[25, -75, 10, 135, 0, 0, 0, 126.0, -247.0, 68.0, -126.0, 65.0, -68.0, 157.0, 60]
[25, -75, 45, 135, 0, 0, 0, 58.0, -267.0, 119.0, -58.0, 85.0, -119.0, 157.0, 60]
[25, -80, -35, 135, 0, 0, 0, 147.0, -227.0, -34.0, -147.0, 45.0, 34.0, 157.0, 60]
[25, -80, 0, 135, 0, 0, 0, 136.0, -242.0, 52.0, -136.0, 60.0, -52.0, 157.0, 60]
[25, -80, 35, 135, 0, 0, 0, 78.0, -256.0, 115.0, -78.0, 74.0, -115.0, 157.0, 60]
[25, -90, -35, 135, 0, 0, 0, 143.0, -243.0, -25.0, -143.0, 61.0, 25.0, 157.0, 60]
[25, -90, -15, 135, 0, 0, 0, 143.0, -243.0, 25.0, -143.0, 61.0, -25.0, 157.0, 60]
[30, -5, 0, 135, 0, 0, 0, 156.0, -187.0, 20.0, -156.0, 5.0, -20.0, 157.0, 60]
[30, -5, 5, 135, 0, 0, 0, 155.0, -200.0, 21.0, -155.0, 18.0, -21.0, 157.0, 60]
[30, -10, -10, 135, 0, 0, 0, 156.0, -168.0, 16.0, -156.0, -14.0, -16.0, 157.0, 60]
[70, -10, -20, 135, 0, 0, 0, 111.0, -144.0, 105.0, -111.0, -38.0, -105.0, 157.0, 60]
[70, -10, 25, 135, 0, 0, 0, 91.0, -253.0, 107.0, -91.0, 71.0, -107.0, 157.0, 60]
[70, -15, -10, 135, 0, 0, 0, 110.0, -173.0, 112.0, -110.0, -9.0, -112.0, 157.0, 60]
[70, -15, 15, 135, 0, 0, 0, 94.0, -234.0, 115.0, -94.0, 52.0, -115.0, 157.0, 60]
[70, -15, 25, 135, 0, 0, 0, 85.0, -257.0, 109.0, -85.0, 75.0, -109.0, 157.0, 60]
[70, -15, 35, 135, 0, 0, 0, 76.0, -278.0, 99.0, -76.0, 96.0, -99.0, 157.0, 60]
[70, -20, -30, 135, 0, 0, 0, 120.0, -134.0, 90.0, -120.0, -48.0, -90.0, 157.0, 60]
[70, -20, -5, 135, 0, 0, 0, 107.0, -191.0, 115.0, -107.0, 9.0, -115.0, 157.0, 60]
[70, -25, -40, 135, 0, 0, 0, 127.0, -123.0, 72.0, -127.0, -59.0, -72.0, 157.0, 60]
[70, -25, -25, 135, 0, 0, 0, 121.0, -152.0, 96.0, -121.0, -30.0, -96.0, 157.0, 60]
[70, -25, 5, 135, 0, 0, 0, 96.0, -219.0, 119.0, -96.0, 37.0, -119.0, 157.0, 60]
[70, -25, 35, 135, 0, 0, 0, 59.0, -283.0, 105.0, -59.0, 101.0, -105.0, 157.0, 60]
[70, -30, -10, 135, 0, 0, 0, 110.0, -191.0, 112.0, -110.0, 9.0, -112.0, 157.0, 60]
[70, -30, 30, 135, 0, 0, 0, 58.0, -275.0, 113.0, -58.0, 93.0, -113.0, 157.0, 60]
[70, -35, -40, 135, 0, 0, 0, 135.0, -140.0, 69.0, -135.0, -42.0, -69.0, 157.0, 60]
[70, -35, 35, 135, 0, 0, 0, 43.0, -285.0, 111.0, -43.0, 103.0, -111.0, 157.0, 60]
[70, -45, -25, 135, 0, 0, 0, 126.0, -181.0, 94.0, -126.0, -1.0, -94.0, 157.0, 60]
[70, -50, -20, 135, 0, 0, 0, 119.0, -197.0, 102.0, -119.0, 15.0, -102.0, 157.0, 60]
[70, -50, 30, 135, 0, 0, 0, 27.0, -275.0, 124.0, -27.0, 93.0, -124.0, 157.0, 60]
[110, -90, -30, 135, 0, 0, 0, 25.0, -243.0, 143.0, -25.0, 61.0, -143.0, 157.0, 60]
[110, -90, -10, 135, 0, 0, 0, -25.0, -243.0, 143.0, 25.0, 61.0, -143.0, 157.0, 60]
[115, -10, -25, 135, 0, 0, 0, 8.0, -132.0, 149.0, -8.0, -50.0, -149.0, 157.0, 60]
[115, -10, 10, 135, 0, 0, 0, -10.0, -217.0, 153.0, 10.0, 35.0, -153.0, 157.0, 60]
[115, -10, 25, 135, 0, 0, 0, -11.0, -253.0, 140.0, 11.0, 71.0, -140.0, 157.0, 60]
[115, -10, 30, 135, 0, 0, 0, -10.0, -264.0, 134.0, 10.0, 82.0, -134.0, 157.0, 60]
[115, -15, -20, 135, 0, 0, 0, 7.0, -150.0, 154.0, -7.0, -32.0, -154.0, 157.0, 60]
[115, -15, -15, 135, 0, 0, 0, 3.0, -161.0, 156.0, -3.0, -21.0, -156.0, 157.0, 60]
[115, -15, 20, 135, 0, 0, 0, -16.0, -246.0, 143.0, 16.0, 64.0, -143.0, 157.0, 60]
[115, -20, -45, 135, 0, 0, 0, 40.0, -106.0, 132.0, -40.0, -76.0, -132.0, 157.0, 60]
[115, -20, -20, 135, 0, 0, 0, 9.0, -156.0, 155.0, -9.0, -26.0, -155.0, 157.0, 60]
[115, -30, -5, 135, 0, 0, 0, -8.0, -201.0, 156.0, 8.0, 19.0, -156.0, 157.0, 60]
[115, -35, -45, 135, 0, 0, 0, 55.0, -133.0, 139.0, -55.0, -49.0, -139.0, 157.0, 60]
[115, -35, -35, 135, 0, 0, 0, 38.0, -148.0, 149.0, -38.0, -34.0, -149.0, 157.0, 60]
[115, -35, 5, 135, 0, 0, 0, -23.0, -227.0, 149.0, 23.0, 45.0, -149.0, 157.0, 60]
[115, -35, 45, 135, 0, 0, 0, -52.0, -301.0, 89.0, 52.0, 119.0, -89.0, 157.0, 60]
[115, -40, -15, 135, 0, 0, 0, 5.0, -192.0, 157.0, -5.0, 10.0, -157.0, 157.0, 60]
[115, -45, -45, 135, 0, 0, 0, 61.0, -152.0, 142.0, -61.0, -30.0, -142.0, 157.0, 60]
[115, -45, -30, 135, 0, 0, 0, 32.0, -174.0, 154.0, -32.0, -8.0, -154.0, 157.0, 60]
[30, -15, -20, 135, 0, 0, 0, 154.0, -150.0, 6.0, -154.0, -32.0, -6.0, 157.0, 65]
[30, -15, 15, 135, 0, 0, 0, 146.0, -234.0, 28.0, -146.0, 52.0, -28.0, 157.0, 65]
[30, -20, -25, 135, 0, 0, 0, 153.0, -145.0, -2.0, -153.0, -37.0, 2.0, 157.0, 65]
[30, -20, -5, 135, 0, 0, 0, 156.0, -191.0, 19.0, -156.0, 9.0, -19.0, 157.0, 65]
[30, -20, 30, 135, 0, 0, 0, 125.0, -271.0, 35.0, -125.0, 89.0, -35.0, 157.0, 65]
[30, -25, -15, 135, 0, 0, 0, 157.0, -174.0, 9.0, -157.0, -8.0, -9.0, 157.0, 65]
[30, -25, 10, 135, 0, 0, 0, 146.0, -231.0, 33.0, -146.0, 49.0, -33.0, 157.0, 65]
[30, -25, 15, 135, 0, 0, 0, 141.0, -242.0, 36.0, -141.0, 60.0, -36.0, 157.0, 65]
[30, -25, 35, 135, 0, 0, 0, 113.0, -283.0, 42.0, -113.0, 101.0, -42.0, 157.0, 65]
[30, -30, 0, 135, 0, 0, 0, 152.0, -212.0, 27.0, -152.0, 30.0, -27.0, 157.0, 65]
[30, -30, 30, 135, 0, 0, 0, 117.0, -275.0, 49.0, -117.0, 93.0, -49.0, 157.0, 65]
[30, -35, -10, 135, 0, 0, 0, 156.0, -196.0, 16.0, -156.0, 14.0, -16.0, 157.0, 65]
[30, -35, 35, 135, 0, 0, 0, 104.0, -285.0, 58.0, -104.0, 103.0, -58.0, 157.0, 65]
[30, -40, -35, 135, 0, 0, 0, 153.0, -157.0, -27.0, -153.0, -25.0, 27.0, 157.0, 65]
[30, -40, -25, 135, 0, 0, 0, 157.0, -174.0, -9.0, -157.0, -8.0, 9.0, 157.0, 65]
[30, -40, 0, 135, 0, 0, 0, 149.0, -221.0, 32.0, -149.0, 39.0, -32.0, 157.0, 65]
[30, -40, 10, 135, 0, 0, 0, 139.0, -240.0, 45.0, -139.0, 58.0, -45.0, 157.0, 65]
[30, -40, 45, 135, 0, 0, 0, 79.0, -300.0, 68.0, -79.0, 118.0, -68.0, 157.0, 65]
[30, -50, -25, 135, 0, 0, 0, 157.0, -189.0, -9.0, -157.0, 7.0, 9.0, 157.0, 65]
[70, -60, 0, 135, 0, 0, 0, 78.0, -235.0, 126.0, -78.0, 53.0, -126.0, 157.0, 65]
[70, -60, 35, 135, 0, 0, 0, 1.0, -276.0, 126.0, -1.0, 94.0, -126.0, 157.0, 65]
[70, -65, -30, 135, 0, 0, 0, 129.0, -206.0, 87.0, -129.0, 24.0, -87.0, 157.0, 65]
[70, -65, -20, 135, 0, 0, 0, 113.0, -216.0, 104.0, -113.0, 34.0, -104.0, 157.0, 65]
[70, -65, 25, 135, 0, 0, 0, 17.0, -263.0, 134.0, -17.0, 81.0, -134.0, 157.0, 65]
[70, -65, 35, 135, 0, 0, 0, -6.0, -272.0, 129.0, 6.0, 90.0, -129.0, 157.0, 65]
[70, -70, -20, 135, 0, 0, 0, 110.0, -222.0, 105.0, -110.0, 40.0, -105.0, 157.0, 65]
[70, -75, -35, 135, 0, 0, 0, 131.0, -219.0, 79.0, -131.0, 37.0, -79.0, 157.0, 65]
[70, -75, -15, 135, 0, 0, 0, 97.0, -231.0, 114.0, -97.0, 49.0, -114.0, 157.0, 65]
[70, -75, 35, 135, 0, 0, 0, -20.0, -262.0, 134.0, 20.0, 80.0, -134.0, 157.0, 65]
[70, -75, 45, 135, 0, 0, 0, -43.0, -267.0, 125.0, 43.0, 85.0, -125.0, 157.0, 65]
[70, -80, -45, 135, 0, 0, 0, 140.0, -224.0, 58.0, -140.0, 42.0, -58.0, 157.0, 65]
[70, -80, -30, 135, 0, 0, 0, 120.0, -229.0, 90.0, -120.0, 47.0, -90.0, 157.0, 65]
[70, -80, -5, 135, 0, 0, 0, 71.0, -240.0, 128.0, -71.0, 58.0, -128.0, 157.0, 65]
[70, -80, 15, 135, 0, 0, 0, 23.0, -248.0, 141.0, -23.0, 66.0, -141.0, 157.0, 65]
[70, -85, -5, 135, 0, 0, 0, 66.0, -241.0, 130.0, -66.0, 59.0, -130.0, 157.0, 65]
[70, -90, 10, 135, 0, 0, 0, 25.0, -243.0, 143.0, -25.0, 61.0, -143.0, 157.0, 65]
[70, -90, 30, 135, 0, 0, 0, -25.0, -243.0, 143.0, 25.0, 61.0, -143.0, 157.0, 65]
[75, 0, -20, 135, 0, 0, 0, 94.0, -132.0, 116.0, -94.0, -50.0, -116.0, 157.0, 65]
[115, -45, -5, 135, 0, 0, 0, -14.0, -216.0, 153.0, 14.0, 34.0, -153.0, 157.0, 65]
[115, -45, 40, 135, 0, 0, 0, -68.0, -291.0, 91.0, 68.0, 109.0, -91.0, 157.0, 65]
[115, -50, -30, 135, 0, 0, 0, 33.0, -182.0, 154.0, -33.0, 0.0, -154.0, 157.0, 65]
[115, -50, 30, 135, 0, 0, 0, -68.0, -275.0, 107.0, 68.0, 93.0, -107.0, 157.0, 65]
[115, -55, -30, 135, 0, 0, 0, 32.0, -190.0, 154.0, -32.0, 8.0, -154.0, 157.0, 65]
[115, -60, 35, 135, 0, 0, 0, -88.0, -276.0, 90.0, 88.0, 94.0, -90.0, 157.0, 65]
[115, -70, -15, 135, 0, 0, 0, -8.0, -226.0, 151.0, 8.0, 44.0, -151.0, 157.0, 65]
[115, -70, 20, 135, 0, 0, 0, -81.0, -256.0, 113.0, 81.0, 74.0, -113.0, 157.0, 65]
[115, -70, 30, 135, 0, 0, 0, -96.0, -264.0, 94.0, 96.0, 82.0, -94.0, 157.0, 65]
[115, -70, 45, 135, 0, 0, 0, -112.0, -274.0, 61.0, 112.0, 92.0, -61.0, 157.0, 65]
[115, -75, -25, 135, 0, 0, 0, 12.0, -225.0, 151.0, -12.0, 43.0, -151.0, 157.0, 65]
[115, -75, -5, 135, 0, 0, 0, -36.0, -237.0, 143.0, 36.0, 55.0, -143.0, 157.0, 65]
[115, -75, 10, 135, 0, 0, 0, -68.0, -247.0, 126.0, 68.0, 65.0, -126.0, 157.0, 65]
[115, -75, 45, 135, 0, 0, 0, -119.0, -267.0, 58.0, 119.0, 85.0, -58.0, 157.0, 65]
[115, -80, -35, 135, 0, 0, 0, 34.0, -227.0, 147.0, -34.0, 45.0, -147.0, 157.0, 65]
[115, -80, 0, 135, 0, 0, 0, -52.0, -242.0, 136.0, 52.0, 60.0, -136.0, 157.0, 65]
[115, -80, 35, 135, 0, 0, 0, -115.0, -256.0, 78.0, 115.0, 74.0, -78.0, 157.0, 65]
[115, -90, -35, 135, 0, 0, 0, 25.0, -243.0, 143.0, -25.0, 61.0, -143.0, 157.0, 65]
[115, -90, -15, 135, 0, 0, 0, -25.0, -243.0, 143.0, 25.0, 61.0, -143.0, 157.0, 65]
[30, -50, -10, 135, 0, 0, 0, 153.0, -212.0, 21.0, -153.0, 30.0, -21.0, 157.0, 70]
[30, -55, -40, 135, 0, 0, 0, 152.0, -178.0, -41.0, -152.0, -4.0, 41.0, 157.0, 70]
[30, -55, -20, 135, 0, 0, 0, 156.0, -203.0, 3.0, -156.0, 21.0, -3.0, 157.0, 70]
[30, -55, 10, 135, 0, 0, 0, 131.0, -246.0, 59.0, -131.0, 64.0, -59.0, 157.0, 70]
[30, -60, -10, 135, 0, 0, 0, 150.0, -222.0, 26.0, -150.0, 40.0, -26.0, 157.0, 70]
[30, -60, -5, 135, 0, 0, 0, 146.0, -228.0, 37.0, -146.0, 46.0, -37.0, 157.0, 70]
[30, -60, 0, 135, 0, 0, 0, 141.0, -235.0, 46.0, -141.0, 53.0, -46.0, 157.0, 70]
[30, -60, 10, 135, 0, 0, 0, 128.0, -247.0, 64.0, -128.0, 65.0, -64.0, 157.0, 70]
[30, -60, 35, 135, 0, 0, 0, 82.0, -276.0, 96.0, -82.0, 94.0, -96.0, 157.0, 70]
[30, -65, 35, 135, 0, 0, 0, 78.0, -272.0, 103.0, -78.0, 90.0, -103.0, 157.0, 70]
[30, -70, -20, 135, 0, 0, 0, 152.0, -222.0, 10.0, -152.0, 40.0, -10.0, 157.0, 70]
[30, -70, 30, 135, 0, 0, 0, 85.0, -264.0, 104.0, -85.0, 82.0, -104.0, 157.0, 70]
[30, -70, 45, 135, 0, 0, 0, 51.0, -274.0, 117.0, -51.0, 92.0, -117.0, 157.0, 70]
[30, -75, -20, 135, 0, 0, 0, 150.0, -228.0, 13.0, -150.0, 46.0, -13.0, 157.0, 70]
[30, -75, 20, 135, 0, 0, 0, 102.0, -254.0, 96.0, -102.0, 72.0, -96.0, 157.0, 70]
[30, -75, 40, 135, 0, 0, 0, 59.0, -265.0, 120.0, -59.0, 83.0, -120.0, 157.0, 70]
[30, -80, -30, 135, 0, 0, 0, 150.0, -229.0, -8.0, -150.0, 47.0, 8.0, 157.0, 70]
[30, -80, -20, 135, 0, 0, 0, 148.0, -233.0, 17.0, -148.0, 51.0, -17.0, 157.0, 70]
[30, -80, 40, 135, 0, 0, 0, 56.0, -258.0, 126.0, -56.0, 76.0, -126.0, 157.0, 70]
[75, 0, -5, 135, 0, 0, 0, 96.0, -169.0, 124.0, -96.0, -13.0, -124.0, 157.0, 70]
[75, 0, 5, 135, 0, 0, 0, 96.0, -195.0, 124.0, -96.0, 13.0, -124.0, 157.0, 70]
[75, 0, 20, 135, 0, 0, 0, 94.0, -232.0, 116.0, -94.0, 50.0, -116.0, 157.0, 70]
[75, -5, -45, 135, 0, 0, 0, 94.0, -85.0, 81.0, -94.0, -97.0, -81.0, 157.0, 70]
[75, -5, -20, 135, 0, 0, 0, 98.0, -138.0, 115.0, -98.0, -44.0, -115.0, 157.0, 70]
[75, -5, -15, 135, 0, 0, 0, 98.0, -150.0, 119.0, -98.0, -32.0, -119.0, 157.0, 70]
[75, -10, -25, 135, 0, 0, 0, 102.0, -132.0, 109.0, -102.0, -50.0, -109.0, 157.0, 70]
[75, -10, 5, 135, 0, 0, 0, 93.0, -205.0, 125.0, -93.0, 23.0, -125.0, 157.0, 70]
[75, -15, -5, 135, 0, 0, 0, 97.0, -185.0, 124.0, -97.0, 3.0, -124.0, 157.0, 70]
[75, -15, 0, 135, 0, 0, 0, 94.0, -198.0, 125.0, -94.0, 16.0, -125.0, 157.0, 70]
[75, -20, 15, 135, 0, 0, 0, 79.0, -238.0, 124.0, -79.0, 56.0, -124.0, 157.0, 70]
[75, -25, -40, 135, 0, 0, 0, 120.0, -123.0, 83.0, -120.0, -59.0, -83.0, 157.0, 70]
[75, -25, -20, 135, 0, 0, 0, 109.0, -163.0, 112.0, -109.0, -19.0, -112.0, 157.0, 70]
[75, -25, 20, 135, 0, 0, 0, 68.0, -253.0, 123.0, -68.0, 71.0, -123.0, 157.0, 70]
[75, -25, 35, 135, 0, 0, 0, 50.0, -283.0, 110.0, -50.0, 101.0, -110.0, 157.0, 70]
[75, -30, 5, 135, 0, 0, 0, 82.0, -223.0, 128.0, -82.0, 41.0, -128.0, 157.0, 70]
[75, -35, -25, 135, 0, 0, 0, 116.0, -166.0, 105.0, -116.0, -16.0, -105.0, 157.0, 70]
[75, -35, -15, 135, 0, 0, 0, 105.0, -186.0, 117.0, -105.0, 4.0, -117.0, 157.0, 70]
[75, -40, -25, 135, 0, 0, 0, 117.0, -174.0, 105.0, -117.0, -8.0, -105.0, 157.0, 70]
[120, -5, 0, 135, 0, 0, 0, -20.0, -187.0, 156.0, 20.0, 5.0, -156.0, 157.0, 70]
[120, -5, 5, 135, 0, 0, 0, -21.0, -200.0, 155.0, 21.0, 18.0, -155.0, 157.0, 70]
[120, -10, -10, 135, 0, 0, 0, -16.0, -168.0, 156.0, 16.0, -14.0, -156.0, 157.0, 70]
[120, -15, -20, 135, 0, 0, 0, -6.0, -150.0, 154.0, 6.0, -32.0, -154.0, 157.0, 70]
[120, -15, 15, 135, 0, 0, 0, -28.0, -234.0, 146.0, 28.0, 52.0, -146.0, 157.0, 70]
[120, -20, -25, 135, 0, 0, 0, 2.0, -145.0, 153.0, -2.0, -37.0, -153.0, 157.0, 70]
[120, -20, -5, 135, 0, 0, 0, -19.0, -191.0, 156.0, 19.0, 9.0, -156.0, 157.0, 70]
[120, -20, 30, 135, 0, 0, 0, -35.0, -271.0, 125.0, 35.0, 89.0, -125.0, 157.0, 70]
[120, -25, -15, 135, 0, 0, 0, -9.0, -174.0, 157.0, 9.0, -8.0, -157.0, 157.0, 70]
[120, -25, 10, 135, 0, 0, 0, -33.0, -231.0, 146.0, 33.0, 49.0, -146.0, 157.0, 70]
[120, -25, 15, 135, 0, 0, 0, -36.0, -242.0, 141.0, 36.0, 60.0, -141.0, 157.0, 70]
[120, -25, 35, 135, 0, 0, 0, -42.0, -283.0, 113.0, 42.0, 101.0, -113.0, 157.0, 70]
[120, -30, 0, 135, 0, 0, 0, -27.0, -212.0, 152.0, 27.0, 30.0, -152.0, 157.0, 70]
[120, -30, 30, 135, 0, 0, 0, -49.0, -275.0, 117.0, 49.0, 93.0, -117.0, 157.0, 70]
[120, -35, -10, 135, 0, 0, 0, -16.0, -196.0, 156.0, 16.0, 14.0, -156.0, 157.0, 70]
[120, -35, 35, 135, 0, 0, 0, -58.0, -285.0, 104.0, 58.0, 103.0, -104.0, 157.0, 70]
[120, -40, -35, 135, 0, 0, 0, 27.0, -157.0, 153.0, -27.0, -25.0, -153.0, 157.0, 70]
[120, -40, -25, 135, 0, 0, 0, 9.0, -174.0, 157.0, -9.0, -8.0, -157.0, 157.0, 70]
[120, -40, 0, 135, 0, 0, 0, -32.0, -221.0, 149.0, 32.0, 39.0, -149.0, 157.0, 70]
[30, -85, -15, 135, 0, 0, 0, 143.0, -239.0, 33.0, -143.0, 57.0, -33.0, 157.0, 75]
[30, -85, -10, 135, 0, 0, 0, 139.0, -240.0, 45.0, -139.0, 58.0, -45.0, 157.0, 75]
[30, -90, -40, 135, 0, 0, 0, 143.0, -243.0, -25.0, -143.0, 61.0, 25.0, 157.0, 75]
[30, -90, -20, 135, 0, 0, 0, 143.0, -243.0, 25.0, -143.0, 61.0, -25.0, 157.0, 75]
[35, 0, -10, 135, 0, 0, 0, 152.0, -157.0, 32.0, -152.0, -25.0, -32.0, 157.0, 75]
[35, 0, 10, 135, 0, 0, 0, 152.0, -207.0, 32.0, -152.0, 25.0, -32.0, 157.0, 75]
[35, -5, -45, 135, 0, 0, 0, 124.0, -85.0, 2.0, -124.0, -97.0, -2.0, 157.0, 75]
[35, -5, -20, 135, 0, 0, 0, 149.0, -138.0, 25.0, -149.0, -44.0, -25.0, 157.0, 75]
[35, -5, 20, 135, 0, 0, 0, 144.0, -237.0, 32.0, -144.0, 55.0, -32.0, 157.0, 75]
[35, -10, -20, 135, 0, 0, 0, 151.0, -144.0, 22.0, -151.0, -38.0, -22.0, 157.0, 75]
[35, -10, -5, 135, 0, 0, 0, 154.0, -180.0, 32.0, -154.0, -2.0, -32.0, 157.0, 75]
[35, -10, 10, 135, 0, 0, 0, 149.0, -217.0, 37.0, -149.0, 35.0, -37.0, 157.0, 75]
[35, -10, 25, 135, 0, 0, 0, 136.0, -253.0, 35.0, -136.0, 71.0, -35.0, 157.0, 75]
[35, -10, 30, 135, 0, 0, 0, 130.0, -264.0, 34.0, -130.0, 82.0, -34.0, 157.0, 75]
[35, -15, -5, 135, 0, 0, 0, 154.0, -185.0, 32.0, -154.0, 3.0, -32.0, 157.0, 75]
[35, -20, -15, 135, 0, 0, 0, 155.0, -167.0, 23.0, -155.0, -15.0, -23.0, 157.0, 75]
[35, -25, 5, 135, 0, 0, 0, 147.0, -219.0, 42.0, -147.0, 37.0, -42.0, 157.0, 75]
[35, -25, 35, 135, 0, 0, 0, 109.0, -283.0, 52.0, -109.0, 101.0, -52.0, 157.0, 75]
[35, -30, -30, 135, 0, 0, 0, 154.0, -149.0, -1.0, -154.0, -33.0, 1.0, 157.0, 75]
[75, -45, 5, 135, 0, 0, 0, 70.0, -234.0, 131.0, -70.0, 52.0, -131.0, 157.0, 75]
[75, -45, 35, 135, 0, 0, 0, 15.0, -284.0, 119.0, -15.0, 102.0, -119.0, 157.0, 75]
[75, -50, -30, 135, 0, 0, 0, 124.0, -182.0, 97.0, -124.0, 0.0, -97.0, 157.0, 75]
[75, -50, -25, 135, 0, 0, 0, 117.0, -189.0, 105.0, -117.0, 7.0, -105.0, 157.0, 75]
[75, -50, 10, 135, 0, 0, 0, 56.0, -245.0, 133.0, -56.0, 63.0, -133.0, 157.0, 75]
[75, -55, -5, 135, 0, 0, 0, 81.0, -225.0, 128.0, -81.0, 43.0, -128.0, 157.0, 75]
[75, -60, -20, 135, 0, 0, 0, 106.0, -210.0, 113.0, -106.0, 28.0, -113.0, 157.0, 75]
[75, -60, 10, 135, 0, 0, 0, 45.0, -247.0, 136.0, -45.0, 65.0, -136.0, 157.0, 75]
[75, -60, 25, 135, 0, 0, 0, 12.0, -265.0, 133.0, -12.0, 83.0, -133.0, 157.0, 75]
[75, -65, -15, 135, 0, 0, 0, 94.0, -221.0, 120.0, -94.0, 39.0, -120.0, 157.0, 75]
[75, -65, 35, 135, 0, 0, 0, -17.0, -272.0, 128.0, 17.0, 90.0, -128.0, 157.0, 75]
[75, -75, -40, 135, 0, 0, 0, 131.0, -217.0, 80.0, -131.0, 35.0, -80.0, 157.0, 75]
[75, -75, 45, 135, 0, 0, 0, -54.0, -267.0, 121.0, 54.0, 85.0, -121.0, 157.0, 75]
[75, -80, 10, 135, 0, 0, 0, 23.0, -246.0, 142.0, -23.0, 64.0, -142.0, 157.0, 75]
[75, -85, -40, 135, 0, 0, 0, 124.0, -234.0, 82.0, -124.0, 52.0, -82.0, 157.0, 75]
[75, -85, -35, 135, 0, 0, 0, 116.0, -235.0, 92.0, -116.0, 53.0, -92.0, 157.0, 75]
[75, -85, -20, 135, 0, 0, 0, 88.0, -238.0, 118.0, -88.0, 56.0, -118.0, 157.0, 75]
[75, -85, 35, 135, 0, 0, 0, -44.0, -250.0, 135.0, 44.0, 68.0, -135.0, 157.0, 75]
[75, -90, 5, 135, 0, 0, 0, 25.0, -243.0, 143.0, -25.0, 61.0, -143.0, 157.0, 75]
[120, -40, 10, 135, 0, 0, 0, -45.0, -240.0, 139.0, 45.0, 58.0, -139.0, 157.0, 75]
[120, -40, 45, 135, 0, 0, 0, -68.0, -300.0, 79.0, 68.0, 118.0, -79.0, 157.0, 75]
[120, -50, -25, 135, 0, 0, 0, 9.0, -189.0, 157.0, -9.0, 7.0, -157.0, 157.0, 75]
[120, -50, -10, 135, 0, 0, 0, -21.0, -212.0, 153.0, 21.0, 30.0, -153.0, 157.0, 75]
[120, -55, -40, 135, 0, 0, 0, 41.0, -178.0, 152.0, -41.0, -4.0, -152.0, 157.0, 75]
[120, -55, -20, 135, 0, 0, 0, -3.0, -203.0, 156.0, 3.0, 21.0, -156.0, 157.0, 75]
[120, -55, 10, 135, 0, 0, 0, -59.0, -246.0, 131.0, 59.0, 64.0, -131.0, 157.0, 75]
[120, -60, -10, 135, 0, 0, 0, -26.0, -222.0, 150.0, 26.0, 40.0, -150.0, 157.0, 75]
[120, -60, -5, 135, 0, 0, 0, -37.0, -228.0, 146.0, 37.0, 46.0, -146.0, 157.0, 75]
[120, -60, 0, 135, 0, 0, 0, -46.0, -235.0, 141.0, 46.0, 53.0, -141.0, 157.0, 75]
[120, -60, 10, 135, 0, 0, 0, -64.0, -247.0, 128.0, 64.0, 65.0, -128.0, 157.0, 75]
[120, -60, 35, 135, 0, 0, 0, -96.0, -276.0, 82.0, 96.0, 94.0, -82.0, 157.0, 75]
[120, -65, 35, 135, 0, 0, 0, -103.0, -272.0, 78.0, 103.0, 90.0, -78.0, 157.0, 75]
[120, -70, -20, 135, 0, 0, 0, -10.0, -222.0, 152.0, 10.0, 40.0, -152.0, 157.0, 75]
[120, -70, 30, 135, 0, 0, 0, -104.0, -264.0, 85.0, 104.0, 82.0, -85.0, 157.0, 75]
[120, -70, 45, 135, 0, 0, 0, -117.0, -274.0, 51.0, 117.0, 92.0, -51.0, 157.0, 75]
[120, -75, -20, 135, 0, 0, 0, -13.0, -228.0, 150.0, 13.0, 46.0, -150.0, 157.0, 75]
[120, -75, 20, 135, 0, 0, 0, -96.0, -254.0, 102.0, 96.0, 72.0, -102.0, 157.0, 75]
[120, -75, 40, 135, 0, 0, 0, -120.0, -265.0, 59.0, 120.0, 83.0, -59.0, 157.0, 75]
[35, -30, 5, 135, 0, 0, 0, 145.0, -223.0, 45.0, -145.0, 41.0, -45.0, 157.0, 80]
[35, -30, 10, 135, 0, 0, 0, 140.0, -234.0, 49.0, -140.0, 52.0, -49.0, 157.0, 80]
[35, -35, 5, 135, 0, 0, 0, 143.0, -227.0, 48.0, -143.0, 45.0, -48.0, 157.0, 80]
[35, -35, 25, 135, 0, 0, 0, 116.0, -267.0, 64.0, -116.0, 85.0, -64.0, 157.0, 80]
[35, -40, -5, 135, 0, 0, 0, 150.0, -211.0, 38.0, -150.0, 29.0, -38.0, 157.0, 80]
[35, -45, -10, 135, 0, 0, 0, 152.0, -207.0, 32.0, -152.0, 25.0, -32.0, 157.0, 80]
[35, -45, 5, 135, 0, 0, 0, 138.0, -234.0, 55.0, -138.0, 52.0, -55.0, 157.0, 80]
[35, -50, -20, 135, 0, 0, 0, 156.0, -197.0, 15.0, -156.0, 15.0, -15.0, 157.0, 80]
[35, -55, -40, 135, 0, 0, 0, 155.0, -178.0, -27.0, -155.0, -4.0, 27.0, 157.0, 80]
[35, -55, -10, 135, 0, 0, 0, 149.0, -217.0, 37.0, -149.0, 35.0, -37.0, 157.0, 80]
[35, -55, 25, 135, 0, 0, 0, 99.0, -267.0, 88.0, -99.0, 85.0, -88.0, 157.0, 80]
[35, -60, -40, 135, 0, 0, 0, 155.0, -188.0, -27.0, -155.0, 6.0, 27.0, 157.0, 80]
[35, -60, -15, 135, 0, 0, 0, 151.0, -216.0, 29.0, -151.0, 34.0, -29.0, 157.0, 80]
[35, -60, 10, 135, 0, 0, 0, 122.0, -247.0, 75.0, -122.0, 65.0, -75.0, 157.0, 80]
[35, -60, 25, 135, 0, 0, 0, 95.0, -265.0, 94.0, -95.0, 83.0, -94.0, 157.0, 80]
[35, -65, -10, 135, 0, 0, 0, 145.0, -226.0, 42.0, -145.0, 44.0, -42.0, 157.0, 80]
[35, -65, 35, 135, 0, 0, 0, 69.0, -272.0, 109.0, -69.0, 90.0, -109.0, 157.0, 80]
[35, -70, 45, 135, 0, 0, 0, 41.0, -274.0, 121.0, -41.0, 92.0, -121.0, 157.0, 80]
[35, -75, -45, 135, 0, 0, 0, 150.0, -214.0, -35.0, -150.0, 32.0, 35.0, 157.0, 80]
[75, -90, 25, 135, 0, 0, 0, -25.0, -243.0, 143.0, 25.0, 61.0, -143.0, 157.0, 80]
[80, -5, -45, 135, 0, 0, 0, 86.0, -85.0, 89.0, -86.0, -97.0, -89.0, 157.0, 80]
[80, -5, -15, 135, 0, 0, 0, 87.0, -150.0, 127.0, -87.0, -32.0, -127.0, 157.0, 80]
[80, -10, 25, 135, 0, 0, 0, 71.0, -253.0, 121.0, -71.0, 71.0, -121.0, 157.0, 80]
[80, -10, 30, 135, 0, 0, 0, 68.0, -264.0, 116.0, -68.0, 82.0, -116.0, 157.0, 80]
[80, -15, -20, 135, 0, 0, 0, 94.0, -150.0, 122.0, -94.0, -32.0, -122.0, 157.0, 80]
[80, -15, 10, 135, 0, 0, 0, 76.0, -222.0, 132.0, -76.0, 40.0, -132.0, 157.0, 80]
[80, -15, 30, 135, 0, 0, 0, 61.0, -268.0, 117.0, -61.0, 86.0, -117.0, 157.0, 80]
[80, -15, 35, 135, 0, 0, 0, 57.0, -278.0, 111.0, -57.0, 96.0, -111.0, 157.0, 80]
[80, -20, -40, 135, 0, 0, 0, 107.0, -115.0, 94.0, -107.0, -67.0, -94.0, 157.0, 80]
[80, -20, -15, 135, 0, 0, 0, 93.0, -167.0, 126.0, -93.0, -15.0, -126.0, 157.0, 80]
[80, -25, -15, 135, 0, 0, 0, 94.0, -174.0, 126.0, -94.0, -8.0, -126.0, 157.0, 80]
[80, -25, 5, 135, 0, 0, 0, 74.0, -219.0, 134.0, -74.0, 37.0, -134.0, 157.0, 80]
[80, -25, 35, 135, 0, 0, 0, 40.0, -283.0, 114.0, -40.0, 101.0, -114.0, 157.0, 80]
[80, -25, 45, 135, 0, 0, 0, 29.0, -301.0, 99.0, -29.0, 119.0, -99.0, 157.0, 80]
[80, -30, -45, 135, 0, 0, 0, 120.0, -123.0, 83.0, -120.0, -59.0, -83.0, 157.0, 80]
[80, -30, 0, 135, 0, 0, 0, 77.0, -212.0, 134.0, -77.0, 30.0, -134.0, 157.0, 80]
[80, -30, 10, 135, 0, 0, 0, 64.0, -234.0, 134.0, -64.0, 52.0, -134.0, 157.0, 80]
[80, -30, 30, 135, 0, 0, 0, 38.0, -275.0, 121.0, -38.0, 93.0, -121.0, 157.0, 80]
[120, -80, -30, 135, 0, 0, 0, 8.0, -229.0, 150.0, -8.0, 47.0, -150.0, 157.0, 80]
[120, -80, -20, 135, 0, 0, 0, -17.0, -233.0, 148.0, 17.0, 51.0, -148.0, 157.0, 80]
[120, -80, 40, 135, 0, 0, 0, -126.0, -258.0, 56.0, 126.0, 76.0, -56.0, 157.0, 80]
[120, -85, -15, 135, 0, 0, 0, -33.0, -239.0, 143.0, 33.0, 57.0, -143.0, 157.0, 80]
[120, -85, -10, 135, 0, 0, 0, -45.0, -240.0, 139.0, 45.0, 58.0, -139.0, 157.0, 80]
[120, -90, -40, 135, 0, 0, 0, 25.0, -243.0, 143.0, -25.0, 61.0, -143.0, 157.0, 80]
[120, -90, -20, 135, 0, 0, 0, -25.0, -243.0, 143.0, 25.0, 61.0, -143.0, 157.0, 80]
[125, 0, -10, 135, 0, 0, 0, -32.0, -157.0, 152.0, 32.0, -25.0, -152.0, 157.0, 80]
[125, 0, 10, 135, 0, 0, 0, -32.0, -207.0, 152.0, 32.0, 25.0, -152.0, 157.0, 80]
[125, -5, -45, 135, 0, 0, 0, -2.0, -85.0, 124.0, 2.0, -97.0, -124.0, 157.0, 80]
[125, -5, -20, 135, 0, 0, 0, -25.0, -138.0, 149.0, 25.0, -44.0, -149.0, 157.0, 80]
[125, -5, 20, 135, 0, 0, 0, -32.0, -237.0, 144.0, 32.0, 55.0, -144.0, 157.0, 80]
[125, -10, -20, 135, 0, 0, 0, -22.0, -144.0, 151.0, 22.0, -38.0, -151.0, 157.0, 80]
[125, -10, -5, 135, 0, 0, 0, -32.0, -180.0, 154.0, 32.0, -2.0, -154.0, 157.0, 80]
[125, -10, 10, 135, 0, 0, 0, -37.0, -217.0, 149.0, 37.0, 35.0, -149.0, 157.0, 80]
[125, -10, 25, 135, 0, 0, 0, -35.0, -253.0, 136.0, 35.0, 71.0, -136.0, 157.0, 80]
[125, -10, 30, 135, 0, 0, 0, -34.0, -264.0, 130.0, 34.0, 82.0, -130.0, 157.0, 80]
[125, -15, -5, 135, 0, 0, 0, -32.0, -185.0, 154.0, 32.0, 3.0, -154.0, 157.0, 80]
[125, -20, -15, 135, 0, 0, 0, -23.0, -167.0, 155.0, 23.0, -15.0, -155.0, 157.0, 80]
[35, -80, 15, 135, 0, 0, 0, 100.0, -248.0, 102.0, -100.0, 66.0, -102.0, 157.0, 85]
[35, -85, -25, 135, 0, 0, 0, 146.0, -237.0, 21.0, -146.0, 55.0, -21.0, 157.0, 85]
[35, -90, -45, 135, 0, 0, 0, 143.0, -243.0, -25.0, -143.0, 61.0, 25.0, 157.0, 85]
[35, -90, -25, 135, 0, 0, 0, 143.0, -243.0, 25.0, -143.0, 61.0, -25.0, 157.0, 85]
[35, -90, 45, 135, 0, 0, 0, 25.0, -243.0, 143.0, -25.0, 61.0, -143.0, 157.0, 85]
[40, -5, 10, 135, 0, 0, 0, 147.0, -213.0, 47.0, -147.0, 31.0, -47.0, 157.0, 85]
[40, -15, 10, 135, 0, 0, 0, 143.0, -222.0, 52.0, -143.0, 40.0, -52.0, 157.0, 85]
[40, -15, 35, 135, 0, 0, 0, 115.0, -278.0, 48.0, -115.0, 96.0, -48.0, 157.0, 85]
[40, -20, -25, 135, 0, 0, 0, 151.0, -145.0, 25.0, -151.0, -37.0, -25.0, 157.0, 85]
[40, -20, 30, 135, 0, 0, 0, 117.0, -271.0, 56.0, -117.0, 89.0, -56.0, 157.0, 85]
[40, -25, -40, 135, 0, 0, 0, 146.0, -123.0, -1.0, -146.0, -59.0, 1.0, 157.0, 85]
[40, -25, -15, 135, 0, 0, 0, 153.0, -174.0, 36.0, -153.0, -8.0, -36.0, 157.0, 85]
[40, -25, 45, 135, 0, 0, 0, 86.0, -301.0, 57.0, -86.0, 119.0, -57.0, 157.0, 85]
[40, -30, 0, 135, 0, 0, 0, 145.0, -212.0, 53.0, -145.0, 30.0, -53.0, 157.0, 85]
[40, -35, 25, 135, 0, 0, 0, 110.0, -267.0, 74.0, -110.0, 85.0, -74.0, 157.0, 85]
[40, -40, -45, 135, 0, 0, 0, 151.0, -142.0, -20.0, -151.0, -40.0, 20.0, 157.0, 85]
[40, -40, -15, 135, 0, 0, 0, 153.0, -192.0, 36.0, -153.0, 10.0, -36.0, 157.0, 85]
[40, -40, -5, 135, 0, 0, 0, 146.0, -211.0, 51.0, -146.0, 29.0, -51.0, 157.0, 85]
[40, -40, 10, 135, 0, 0, 0, 129.0, -240.0, 69.0, -129.0, 58.0, -69.0, 157.0, 85]
[80, -35, 25, 135, 0, 0, 0, 37.0, -267.0, 127.0, -37.0, 85.0, -127.0, 157.0, 85]
[80, -40, -5, 135, 0, 0, 0, 79.0, -211.0, 133.0, -79.0, 29.0, -133.0, 157.0, 85]
[80, -40, 0, 135, 0, 0, 0, 71.0, -221.0, 135.0, -71.0, 39.0, -135.0, 157.0, 85]
[80, -40, 20, 135, 0, 0, 0, 38.0, -259.0, 132.0, -38.0, 77.0, -132.0, 157.0, 85]
[80, -45, -15, 135, 0, 0, 0, 93.0, -198.0, 126.0, -93.0, 16.0, -126.0, 157.0, 85]
[80, -45, 20, 135, 0, 0, 0, 31.0, -260.0, 133.0, -31.0, 78.0, -133.0, 157.0, 85]
[80, -50, -5, 135, 0, 0, 0, 73.0, -220.0, 134.0, -73.0, 38.0, -134.0, 157.0, 85]
[80, -50, 25, 135, 0, 0, 0, 15.0, -268.0, 131.0, -15.0, 86.0, -131.0, 157.0, 85]
[80, -50, 30, 135, 0, 0, 0, 5.0, -275.0, 127.0, -5.0, 93.0, -127.0, 157.0, 85]
[80, -60, -25, 135, 0, 0, 0, 105.0, -204.0, 115.0, -105.0, 22.0, -115.0, 157.0, 85]
[80, -60, -10, 135, 0, 0, 0, 76.0, -222.0, 132.0, -76.0, 40.0, -132.0, 157.0, 85]
[80, -65, -30, 135, 0, 0, 0, 112.0, -206.0, 108.0, -112.0, 24.0, -108.0, 157.0, 85]
[80, -65, -15, 135, 0, 0, 0, 83.0, -221.0, 128.0, -83.0, 39.0, -128.0, 157.0, 85]
[80, -70, -25, 135, 0, 0, 0, 100.0, -218.0, 116.0, -100.0, 36.0, -116.0, 157.0, 85]
[80, -70, 20, 135, 0, 0, 0, -2.0, -256.0, 139.0, 2.0, 74.0, -139.0, 157.0, 85]
[80, -70, 25, 135, 0, 0, 0, -14.0, -260.0, 136.0, 14.0, 78.0, -136.0, 157.0, 85]
[80, -75, -45, 135, 0, 0, 0, 131.0, -214.0, 81.0, -131.0, 32.0, -81.0, 157.0, 85]
[80, -75, -10, 135, 0, 0, 0, 64.0, -234.0, 134.0, -64.0, 52.0, -134.0, 157.0, 85]
[80, -80, -35, 135, 0, 0, 0, 112.0, -227.0, 101.0, -112.0, 45.0, -101.0, 157.0, 85]
[125, -25, 5, 135, 0, 0, 0, -42.0, -219.0, 147.0, 42.0, 37.0, -147.0, 157.0, 85]
[125, -25, 35, 135, 0, 0, 0, -52.0, -283.0, 109.0, 52.0, 101.0, -109.0, 157.0, 85]
[125, -30, -30, 135, 0, 0, 0, 1.0, -149.0, 154.0, -1.0, -33.0, -154.0, 157.0, 85]
[125, -30, 5, 135, 0, 0, 0, -45.0, -223.0, 145.0, 45.0, 41.0, -145.0, 157.0, 85]
[125, -30, 10, 135, 0, 0, 0, -49.0, -234.0, 140.0, 49.0, 52.0, -140.0, 157.0, 85]
[125, -35, 5, 135, 0, 0, 0, -48.0, -227.0, 143.0, 48.0, 45.0, -143.0, 157.0, 85]
[125, -35, 25, 135, 0, 0, 0, -64.0, -267.0, 116.0, 64.0, 85.0, -116.0, 157.0, 85]
[125, -40, -5, 135, 0, 0, 0, -38.0, -211.0, 150.0, 38.0, 29.0, -150.0, 157.0, 85]
[125, -45, -10, 135, 0, 0, 0, -32.0, -207.0, 152.0, 32.0, 25.0, -152.0, 157.0, 85]
[125, -45, 5, 135, 0, 0, 0, -55.0, -234.0, 138.0, 55.0, 52.0, -138.0, 157.0, 85]
[125, -50, -20, 135, 0, 0, 0, -15.0, -197.0, 156.0, 15.0, 15.0, -156.0, 157.0, 85]
[125, -55, -40, 135, 0, 0, 0, 27.0, -178.0, 155.0, -27.0, -4.0, -155.0, 157.0, 85]
[125, -55, -10, 135, 0, 0, 0, -37.0, -217.0, 149.0, 37.0, 35.0, -149.0, 157.0, 85]
[125, -55, 25, 135, 0, 0, 0, -88.0, -267.0, 99.0, 88.0, 85.0, -99.0, 157.0, 85]
[125, -60, -40, 135, 0, 0, 0, 27.0, -188.0, 155.0, -27.0, 6.0, -155.0, 157.0, 85]
[125, -60, -15, 135, 0, 0, 0, -29.0, -216.0, 151.0, 29.0, 34.0, -151.0, 157.0, 85]
[125, -60, 10, 135, 0, 0, 0, -75.0, -247.0, 122.0, 75.0, 65.0, -122.0, 157.0, 85]
[125, -60, 25, 135, 0, 0, 0, -94.0, -265.0, 95.0, 94.0, 83.0, -95.0, 157.0, 85]
[125, -65, -10, 135, 0, 0, 0, -42.0, -226.0, 145.0, 42.0, 44.0, -145.0, 157.0, 85]
[40, -40, 30, 135, 0, 0, 0, 96.0, -277.0, 81.0, -96.0, 95.0, -81.0, 157.0, 90]
[40, -45, -30, 135, 0, 0, 0, 157.0, -174.0, 9.0, -157.0, -8.0, -9.0, 157.0, 90]
[40, -50, -15, 135, 0, 0, 0, 151.0, -204.0, 38.0, -151.0, 22.0, -38.0, 157.0, 90]
[40, -50, -10, 135, 0, 0, 0, 147.0, -212.0, 47.0, -147.0, 30.0, -47.0, 157.0, 90]
[40, -55, -30, 135, 0, 0, 0, 157.0, -190.0, 9.0, -157.0, 8.0, -9.0, 157.0, 90]
[40, -55, 15, 135, 0, 0, 0, 110.0, -253.0, 87.0, -110.0, 71.0, -87.0, 157.0, 90]
[40, -60, -35, 135, 0, 0, 0, 157.0, -193.0, -2.0, -157.0, 11.0, 2.0, 157.0, 90]
[40, -60, 25, 135, 0, 0, 0, 86.0, -265.0, 102.0, -86.0, 83.0, -102.0, 157.0, 90]
[40, -65, -45, 135, 0, 0, 0, 155.0, -194.0, -25.0, -155.0, 12.0, 25.0, 157.0, 90]
[40, -65, 35, 135, 0, 0, 0, 59.0, -272.0, 115.0, -59.0, 90.0, -115.0, 157.0, 90]
[40, -70, -45, 135, 0, 0, 0, 154.0, -204.0, -24.0, -154.0, 22.0, 24.0, 157.0, 90]
[40, -70, -40, 135, 0, 0, 0, 155.0, -207.0, -12.0, -155.0, 25.0, 12.0, 157.0, 90]
[40, -70, -20, 135, 0, 0, 0, 148.0, -222.0, 36.0, -148.0, 40.0, -36.0, 157.0, 90]
[40, -70, 25, 135, 0, 0, 0, 77.0, -260.0, 113.0, -77.0, 78.0, -113.0, 157.0, 90]
[40, -70, 45, 135, 0, 0, 0, 30.0, -274.0, 124.0, -30.0, 92.0, -124.0, 157.0, 90]
[40, -75, -35, 135, 0, 0, 0, 153.0, -219.0, 3.0, -153.0, 37.0, -3.0, 157.0, 90]
[40, -75, -25, 135, 0, 0, 0, 149.0, -225.0, 27.0, -149.0, 43.0, -27.0, 157.0, 90]
[40, -75, -15, 135, 0, 0, 0, 141.0, -231.0, 50.0, -141.0, 49.0, -50.0, 157.0, 90]
[40, -75, 35, 135, 0, 0, 0, 50.0, -262.0, 126.0, -50.0, 80.0, -126.0, 157.0, 90]
[80, -80, -20, 135, 0, 0, 0, 82.0, -233.0, 124.0, -82.0, 51.0, -124.0, 157.0, 90]
[80, -80, -15, 135, 0, 0, 0, 71.0, -235.0, 130.0, -71.0, 53.0, -130.0, 157.0, 90]
[80, -85, 20, 135, 0, 0, 0, -20.0, -247.0, 142.0, 20.0, 65.0, -142.0, 157.0, 90]
[80, -90, 0, 135, 0, 0, 0, 25.0, -243.0, 143.0, -25.0, 61.0, -143.0, 157.0, 90]
[80, -90, 20, 135, 0, 0, 0, -25.0, -243.0, 143.0, 25.0, 61.0, -143.0, 157.0, 90]
[85, -5, -10, 135, 0, 0, 0, 75.0, -162.0, 137.0, -75.0, -20.0, -137.0, 157.0, 90]
[85, -10, -30, 135, 0, 0, 0, 83.0, -121.0, 119.0, -83.0, -61.0, -119.0, 157.0, 90]
[85, -10, -20, 135, 0, 0, 0, 80.0, -144.0, 130.0, -80.0, -38.0, -130.0, 157.0, 90]
[85, -10, -15, 135, 0, 0, 0, 78.0, -155.0, 134.0, -78.0, -27.0, -134.0, 157.0, 90]
[85, -15, -5, 135, 0, 0, 0, 74.0, -185.0, 139.0, -74.0, 3.0, -139.0, 157.0, 90]
[85, -20, 15, 135, 0, 0, 0, 56.0, -238.0, 136.0, -56.0, 56.0, -136.0, 157.0, 90]
[85, -20, 35, 135, 0, 0, 0, 39.0, -281.0, 116.0, -39.0, 99.0, -116.0, 157.0, 90]
[85, -25, -25, 135, 0, 0, 0, 92.0, -152.0, 124.0, -92.0, -30.0, -124.0, 157.0, 90]
[85, -25, 35, 135, 0, 0, 0, 30.0, -283.0, 117.0, -30.0, 101.0, -117.0, 157.0, 90]
[85, -30, -5, 135, 0, 0, 0, 71.0, -201.0, 139.0, -71.0, 19.0, -139.0, 157.0, 90]
[85, -30, 10, 135, 0, 0, 0, 52.0, -234.0, 139.0, -52.0, 52.0, -139.0, 157.0, 90]
[85, -30, 30, 135, 0, 0, 0, 27.0, -275.0, 124.0, -27.0, 93.0, -124.0, 157.0, 90]
[85, -35, -45, 135, 0, 0, 0, 117.0, -133.0, 93.0, -117.0, -49.0, -93.0, 157.0, 90]
[85, -35, 25, 135, 0, 0, 0, 26.0, -267.0, 130.0, -26.0, 85.0, -130.0, 157.0, 90]
[125, -65, 35, 135, 0, 0, 0, -109.0, -272.0, 69.0, 109.0, 90.0, -69.0, 157.0, 90]
[125, -70, 45, 135, 0, 0, 0, -121.0, -274.0, 41.0, 121.0, 92.0, -41.0, 157.0, 90]
[125, -75, -45, 135, 0, 0, 0, 35.0, -214.0, 150.0, -35.0, 32.0, -150.0, 157.0, 90]
[125, -80, 15, 135, 0, 0, 0, -102.0, -248.0, 100.0, 102.0, 66.0, -100.0, 157.0, 90]
[125, -85, -25, 135, 0, 0, 0, -21.0, -237.0, 146.0, 21.0, 55.0, -146.0, 157.0, 90]
[125, -90, -45, 135, 0, 0, 0, 25.0, -243.0, 143.0, -25.0, 61.0, -143.0, 157.0, 90]
[125, -90, -25, 135, 0, 0, 0, -25.0, -243.0, 143.0, 25.0, 61.0, -143.0, 157.0, 90]
[125, -90, 45, 135, 0, 0, 0, -143.0, -243.0, 25.0, 143.0, 61.0, -25.0, 157.0, 90]
[130, -5, 10, 135, 0, 0, 0, -47.0, -213.0, 147.0, 47.0, 31.0, -147.0, 157.0, 90]
[130, -15, 10, 135, 0, 0, 0, -52.0, -222.0, 143.0, 52.0, 40.0, -143.0, 157.0, 90]
[130, -15, 35, 135, 0, 0, 0, -48.0, -278.0, 115.0, 48.0, 96.0, -115.0, 157.0, 90]
[130, -20, -25, 135, 0, 0, 0, -25.0, -145.0, 151.0, 25.0, -37.0, -151.0, 157.0, 90]
[130, -20, 30, 135, 0, 0, 0, -56.0, -271.0, 117.0, 56.0, 89.0, -117.0, 157.0, 90]
[130, -25, -40, 135, 0, 0, 0, 1.0, -123.0, 146.0, -1.0, -59.0, -146.0, 157.0, 90]
[130, -25, -15, 135, 0, 0, 0, -36.0, -174.0, 153.0, 36.0, -8.0, -153.0, 157.0, 90]
[130, -25, 45, 135, 0, 0, 0, -57.0, -301.0, 86.0, 57.0, 119.0, -86.0, 157.0, 90]
[130, -30, 0, 135, 0, 0, 0, -53.0, -212.0, 145.0, 53.0, 30.0, -145.0, 157.0, 90]
[130, -35, 25, 135, 0, 0, 0, -74.0, -267.0, 110.0, 74.0, 85.0, -110.0, 157.0, 90]
[130, -40, -45, 135, 0, 0, 0, 20.0, -142.0, 151.0, -20.0, -40.0, -151.0, 157.0, 90]
